,savings_lower,savings_upper,price_lower,price_upper,payoff_perc_freehold,inflation,chi_parameter,bank_income_multiplier,Run,Gini
0,3750.90625,73437.5,47500.0,690625.0,0.001421875,0.029375,5.859375,8.53125,0.0,0.5097999638519437
0,3750.90625,73437.5,47500.0,690625.0,0.001421875,0.029375,6.328125,6.09375,1.0,0.4841858784851233
0,3750.90625,57812.5,17500.0,465625.0,0.001984375,0.023125,5.859375,6.09375,2.0,0.49722590818370904
0,18750.53125,73437.5,17500.0,465625.0,0.001984375,0.023125,5.859375,6.09375,3.0,0.4765565430109767
0,18750.53125,57812.5,47500.0,465625.0,0.001984375,0.023125,5.859375,6.09375,4.0,0.4674448455568196
0,18750.53125,57812.5,17500.0,690625.0,0.001984375,0.023125,5.859375,6.09375,5.0,0.4946603187949286
0,18750.53125,57812.5,17500.0,465625.0,0.001421875,0.023125,5.859375,6.09375,6.0,0.4807310031419915
0,3750.90625,73437.5,47500.0,690625.0,0.001421875,0.029375,5.859375,8.53125,7.0,0.4759400802904209
0,3750.90625,73437.5,47500.0,690625.0,0.001421875,0.029375,6.328125,6.09375,8.0,0.4703354876268403
0,3750.90625,57812.5,17500.0,465625.0,0.001984375,0.023125,5.859375,6.09375,9.0,0.4985851771023285
0,18750.53125,73437.5,17500.0,465625.0,0.001984375,0.023125,5.859375,6.09375,10.0,0.47921035860259037
0,18750.53125,57812.5,47500.0,465625.0,0.001984375,0.023125,5.859375,6.09375,11.0,0.5022911738569734
0,18750.53125,57812.5,17500.0,690625.0,0.001984375,0.023125,5.859375,6.09375,12.0,0.4778415914488706
0,18750.53125,57812.5,17500.0,465625.0,0.001421875,0.023125,5.859375,6.09375,13.0,0.48527947543585176
0,3750.90625,73437.5,47500.0,690625.0,0.001421875,0.029375,5.859375,8.53125,14.0,0.47462121910152616
0,3750.90625,73437.5,47500.0,690625.0,0.001421875,0.029375,6.328125,6.09375,15.0,0.4722512081432028
0,3750.90625,57812.5,17500.0,465625.0,0.001984375,0.023125,5.859375,6.09375,16.0,0.49960777253267113
0,18750.53125,73437.5,17500.0,465625.0,0.001984375,0.023125,5.859375,6.09375,17.0,0.4919535620361487
0,18750.53125,57812.5,47500.0,465625.0,0.001984375,0.023125,5.859375,6.09375,18.0,0.4737293409539118
0,18750.53125,57812.5,17500.0,690625.0,0.001984375,0.023125,5.859375,6.09375,19.0,0.4758787501419208
0,18750.53125,57812.5,17500.0,465625.0,0.001421875,0.023125,5.859375,6.09375,20.0,0.4769391823310939
0,3750.90625,73437.5,47500.0,690625.0,0.001421875,0.029375,5.859375,8.53125,21.0,0.4977121872868881
0,3750.90625,73437.5,47500.0,690625.0,0.001421875,0.029375,6.328125,6.09375,22.0,0.47122298337419066
0,3750.90625,57812.5,17500.0,465625.0,0.001984375,0.023125,5.859375,6.09375,23.0,0.5005725115832211
0,18750.53125,73437.5,17500.0,465625.0,0.001984375,0.023125,5.859375,6.09375,24.0,0.4933368686261943
0,18750.53125,57812.5,47500.0,465625.0,0.001984375,0.023125,5.859375,6.09375,25.0,0.4775498960839029
0,18750.53125,57812.5,17500.0,690625.0,0.001984375,0.023125,5.859375,6.09375,26.0,0.471361647260357
0,18750.53125,57812.5,17500.0,465625.0,0.001421875,0.023125,5.859375,6.09375,27.0,0.49843764270781404
0,3750.90625,73437.5,47500.0,690625.0,0.001421875,0.029375,5.859375,8.53125,28.0,0.459673445727828
0,3750.90625,73437.5,47500.0,690625.0,0.001421875,0.029375,6.328125,6.09375,29.0,0.48332486704331007
0,3750.90625,57812.5,17500.0,465625.0,0.001984375,0.023125,5.859375,6.09375,30.0,0.49245807815780557
0,18750.53125,73437.5,17500.0,465625.0,0.001984375,0.023125,5.859375,6.09375,31.0,0.4679262479061901
0,18750.53125,57812.5,47500.0,465625.0,0.001984375,0.023125,5.859375,6.09375,32.0,0.48704355563980634
0,18750.53125,57812.5,17500.0,690625.0,0.001984375,0.023125,5.859375,6.09375,33.0,0.5167568091389866
0,18750.53125,57812.5,17500.0,465625.0,0.001421875,0.023125,5.859375,6.09375,34.0,0.473558196545714
0,3750.90625,73437.5,47500.0,690625.0,0.001421875,0.029375,5.859375,8.53125,35.0,0.4637335964203743
0,3750.90625,73437.5,47500.0,690625.0,0.001421875,0.029375,6.328125,6.09375,36.0,0.5051907648086643
0,3750.90625,57812.5,17500.0,465625.0,0.001984375,0.023125,5.859375,6.09375,37.0,0.47093563886043616
0,18750.53125,73437.5,17500.0,465625.0,0.001984375,0.023125,5.859375,6.09375,38.0,0.4853551586304978
0,18750.53125,57812.5,47500.0,465625.0,0.001984375,0.023125,5.859375,6.09375,39.0,0.47331006732983594
0,18750.53125,57812.5,17500.0,690625.0,0.001984375,0.023125,5.859375,6.09375,40.0,0.48908895919995615
0,18750.53125,57812.5,17500.0,465625.0,0.001421875,0.023125,5.859375,6.09375,41.0,0.4700269989044416
0,3750.90625,73437.5,47500.0,690625.0,0.001421875,0.029375,5.859375,8.53125,42.0,0.49191034340470496
0,3750.90625,73437.5,47500.0,690625.0,0.001421875,0.029375,6.328125,6.09375,43.0,0.4847722572685624
0,3750.90625,57812.5,17500.0,465625.0,0.001984375,0.023125,5.859375,6.09375,44.0,0.4908183314354043
0,18750.53125,73437.5,17500.0,465625.0,0.001984375,0.023125,5.859375,6.09375,45.0,0.4687920834129636
0,18750.53125,57812.5,47500.0,465625.0,0.001984375,0.023125,5.859375,6.09375,46.0,0.4864789584186984
0,18750.53125,57812.5,17500.0,690625.0,0.001984375,0.023125,5.859375,6.09375,47.0,0.4798907769125805
0,18750.53125,57812.5,17500.0,465625.0,0.001421875,0.023125,5.859375,6.09375,48.0,0.47434486326506514
0,3750.90625,73437.5,47500.0,690625.0,0.001421875,0.029375,5.859375,8.53125,49.0,0.4910387126165062
0,3750.90625,73437.5,47500.0,690625.0,0.001421875,0.029375,6.328125,6.09375,50.0,0.4700925215220725
0,3750.90625,57812.5,17500.0,465625.0,0.001984375,0.023125,5.859375,6.09375,51.0,0.464953856376489
0,18750.53125,73437.5,17500.0,465625.0,0.001984375,0.023125,5.859375,6.09375,52.0,0.45920428675636393
0,18750.53125,57812.5,47500.0,465625.0,0.001984375,0.023125,5.859375,6.09375,53.0,0.46313093780877346
0,18750.53125,57812.5,17500.0,690625.0,0.001984375,0.023125,5.859375,6.09375,54.0,0.4643923586007797
0,18750.53125,57812.5,17500.0,465625.0,0.001421875,0.023125,5.859375,6.09375,55.0,0.45577167601501895
0,3750.90625,73437.5,47500.0,690625.0,0.001421875,0.029375,5.859375,8.53125,56.0,0.4853633752254362
0,3750.90625,73437.5,47500.0,690625.0,0.001421875,0.029375,6.328125,6.09375,57.0,0.47581664438418153
0,3750.90625,57812.5,17500.0,465625.0,0.001984375,0.023125,5.859375,6.09375,58.0,0.48837692180485015
0,18750.53125,73437.5,17500.0,465625.0,0.001984375,0.023125,5.859375,6.09375,59.0,0.4756272832833513
0,18750.53125,57812.5,47500.0,465625.0,0.001984375,0.023125,5.859375,6.09375,60.0,0.47809674995595314
0,18750.53125,57812.5,17500.0,690625.0,0.001984375,0.023125,5.859375,6.09375,61.0,0.46874502711113764
0,18750.53125,57812.5,17500.0,465625.0,0.001421875,0.023125,5.859375,6.09375,62.0,0.4987040379385204
0,3750.90625,73437.5,47500.0,690625.0,0.001421875,0.029375,5.859375,8.53125,63.0,0.46963213875313514
0,3750.90625,73437.5,47500.0,690625.0,0.001421875,0.029375,6.328125,6.09375,64.0,0.4757581307086972
0,3750.90625,57812.5,17500.0,465625.0,0.001984375,0.023125,5.859375,6.09375,65.0,0.49046124546702957
0,18750.53125,73437.5,17500.0,465625.0,0.001984375,0.023125,5.859375,6.09375,66.0,0.4692236425314195
0,18750.53125,57812.5,47500.0,465625.0,0.001984375,0.023125,5.859375,6.09375,67.0,0.4593138230608125
0,18750.53125,57812.5,17500.0,690625.0,0.001984375,0.023125,5.859375,6.09375,68.0,0.4891753963980811
0,18750.53125,57812.5,17500.0,465625.0,0.001421875,0.023125,5.859375,6.09375,69.0,0.4968291745933301
0,3750.90625,73437.5,47500.0,690625.0,0.001421875,0.029375,5.859375,8.53125,70.0,0.4726010972553446
0,3750.90625,73437.5,47500.0,690625.0,0.001421875,0.029375,6.328125,6.09375,71.0,0.4720663050379409
0,3750.90625,57812.5,17500.0,465625.0,0.001984375,0.023125,5.859375,6.09375,72.0,0.4823041830268034
0,18750.53125,73437.5,17500.0,465625.0,0.001984375,0.023125,5.859375,6.09375,73.0,0.4678296416690121
0,18750.53125,57812.5,47500.0,465625.0,0.001984375,0.023125,5.859375,6.09375,74.0,0.45403853859379123
0,18750.53125,57812.5,17500.0,690625.0,0.001984375,0.023125,5.859375,6.09375,75.0,0.4787088369895969
0,18750.53125,57812.5,17500.0,465625.0,0.001421875,0.023125,5.859375,6.09375,76.0,0.48837608099315066
0,3750.90625,73437.5,47500.0,690625.0,0.001421875,0.029375,5.859375,8.53125,77.0,0.48073339602071335
0,3750.90625,73437.5,47500.0,690625.0,0.001421875,0.029375,6.328125,6.09375,78.0,0.46358793284699906
0,3750.90625,57812.5,17500.0,465625.0,0.001984375,0.023125,5.859375,6.09375,79.0,0.4772858390790702
0,18750.53125,73437.5,17500.0,465625.0,0.001984375,0.023125,5.859375,6.09375,80.0,0.46399870711232055
0,18750.53125,57812.5,47500.0,465625.0,0.001984375,0.023125,5.859375,6.09375,81.0,0.4675126488705351
0,18750.53125,57812.5,17500.0,690625.0,0.001984375,0.023125,5.859375,6.09375,82.0,0.45873632466856107
0,18750.53125,57812.5,17500.0,465625.0,0.001421875,0.023125,5.859375,6.09375,83.0,0.48472949763718826
0,3750.90625,73437.5,47500.0,690625.0,0.001421875,0.029375,5.859375,8.53125,84.0,0.47319453189826816
0,3750.90625,73437.5,47500.0,690625.0,0.001421875,0.029375,6.328125,6.09375,85.0,0.4822224421945666
0,3750.90625,57812.5,17500.0,465625.0,0.001984375,0.023125,5.859375,6.09375,86.0,0.4930684010553654
0,18750.53125,73437.5,17500.0,465625.0,0.001984375,0.023125,5.859375,6.09375,87.0,0.47213629125093726
0,18750.53125,57812.5,47500.0,465625.0,0.001984375,0.023125,5.859375,6.09375,88.0,0.4683580116740528
0,18750.53125,57812.5,17500.0,690625.0,0.001984375,0.023125,5.859375,6.09375,89.0,0.4777800502618967
0,18750.53125,57812.5,17500.0,465625.0,0.001421875,0.023125,5.859375,6.09375,90.0,0.4768155884325669
0,3750.90625,73437.5,47500.0,690625.0,0.001421875,0.029375,5.859375,8.53125,91.0,0.4660191848206821
0,3750.90625,73437.5,47500.0,690625.0,0.001421875,0.029375,6.328125,6.09375,92.0,0.5056512996133291
0,3750.90625,57812.5,17500.0,465625.0,0.001984375,0.023125,5.859375,6.09375,93.0,0.4975517099037381
0,18750.53125,73437.5,17500.0,465625.0,0.001984375,0.023125,5.859375,6.09375,94.0,0.463645634561709
0,18750.53125,57812.5,47500.0,465625.0,0.001984375,0.023125,5.859375,6.09375,95.0,0.47297559500211744
0,18750.53125,57812.5,17500.0,690625.0,0.001984375,0.023125,5.859375,6.09375,96.0,0.46955919192667345
0,18750.53125,57812.5,17500.0,465625.0,0.001421875,0.023125,5.859375,6.09375,97.0,0.4847611030738141
0,3750.90625,73437.5,47500.0,690625.0,0.001421875,0.029375,5.859375,8.53125,98.0,0.47443010056009577
0,3750.90625,73437.5,47500.0,690625.0,0.001421875,0.029375,6.328125,6.09375,99.0,0.47055848529816435
0,3750.90625,57812.5,17500.0,465625.0,0.001984375,0.023125,5.859375,6.09375,100.0,0.4826102595042259
0,18750.53125,73437.5,17500.0,465625.0,0.001984375,0.023125,5.859375,6.09375,101.0,0.47454056064117556
0,18750.53125,57812.5,47500.0,465625.0,0.001984375,0.023125,5.859375,6.09375,102.0,0.452908428944417
0,18750.53125,57812.5,17500.0,690625.0,0.001984375,0.023125,5.859375,6.09375,103.0,0.4907610337198524
0,18750.53125,57812.5,17500.0,465625.0,0.001421875,0.023125,5.859375,6.09375,104.0,0.48459965760731216
0,3750.90625,73437.5,47500.0,690625.0,0.001421875,0.029375,5.859375,8.53125,105.0,0.4877805267800624
0,3750.90625,73437.5,47500.0,690625.0,0.001421875,0.029375,6.328125,6.09375,106.0,0.48431963224808877
0,3750.90625,57812.5,17500.0,465625.0,0.001984375,0.023125,5.859375,6.09375,107.0,0.48927155006368905
0,18750.53125,73437.5,17500.0,465625.0,0.001984375,0.023125,5.859375,6.09375,108.0,0.47685103670403045
0,18750.53125,57812.5,47500.0,465625.0,0.001984375,0.023125,5.859375,6.09375,109.0,0.48070258437765845
0,18750.53125,57812.5,17500.0,690625.0,0.001984375,0.023125,5.859375,6.09375,110.0,0.4863910776449408
0,18750.53125,57812.5,17500.0,465625.0,0.001421875,0.023125,5.859375,6.09375,111.0,0.48667529267180204
0,3750.90625,73437.5,47500.0,690625.0,0.001421875,0.029375,5.859375,8.53125,112.0,0.5059406991537969
0,3750.90625,73437.5,47500.0,690625.0,0.001421875,0.029375,6.328125,6.09375,113.0,0.4736026272910133
0,3750.90625,57812.5,17500.0,465625.0,0.001984375,0.023125,5.859375,6.09375,114.0,0.48775772357142966
0,18750.53125,73437.5,17500.0,465625.0,0.001984375,0.023125,5.859375,6.09375,115.0,0.47627943792779126
0,18750.53125,57812.5,47500.0,465625.0,0.001984375,0.023125,5.859375,6.09375,116.0,0.49035481511533363
0,18750.53125,57812.5,17500.0,690625.0,0.001984375,0.023125,5.859375,6.09375,117.0,0.46486685509026227
0,18750.53125,57812.5,17500.0,465625.0,0.001421875,0.023125,5.859375,6.09375,118.0,0.5037587898384831
0,3750.90625,73437.5,47500.0,690625.0,0.001421875,0.029375,5.859375,8.53125,119.0,0.4732549902776544
0,3750.90625,73437.5,47500.0,690625.0,0.001421875,0.029375,6.328125,6.09375,120.0,0.459371317452889
0,3750.90625,57812.5,17500.0,465625.0,0.001984375,0.023125,5.859375,6.09375,121.0,0.4802979163890506
0,18750.53125,73437.5,17500.0,465625.0,0.001984375,0.023125,5.859375,6.09375,122.0,0.48307242123521726
0,18750.53125,57812.5,47500.0,465625.0,0.001984375,0.023125,5.859375,6.09375,123.0,0.47955426442891713
0,18750.53125,57812.5,17500.0,690625.0,0.001984375,0.023125,5.859375,6.09375,124.0,0.48810857213430026
0,18750.53125,57812.5,17500.0,465625.0,0.001421875,0.023125,5.859375,6.09375,125.0,0.47304217614321126
0,3750.90625,73437.5,47500.0,690625.0,0.001421875,0.029375,5.859375,8.53125,126.0,0.4434801418869971
0,3750.90625,73437.5,47500.0,690625.0,0.001421875,0.029375,6.328125,6.09375,127.0,0.48963680720183983
0,3750.90625,57812.5,17500.0,465625.0,0.001984375,0.023125,5.859375,6.09375,128.0,0.49851639958711835
0,18750.53125,73437.5,17500.0,465625.0,0.001984375,0.023125,5.859375,6.09375,129.0,0.4507236984879981
0,18750.53125,57812.5,47500.0,465625.0,0.001984375,0.023125,5.859375,6.09375,130.0,0.49023671490225756
0,18750.53125,57812.5,17500.0,690625.0,0.001984375,0.023125,5.859375,6.09375,131.0,0.5003284938116598
0,18750.53125,57812.5,17500.0,465625.0,0.001421875,0.023125,5.859375,6.09375,132.0,0.48205592131759045
0,3750.90625,73437.5,47500.0,690625.0,0.001421875,0.029375,5.859375,8.53125,133.0,0.47276621273016806
0,3750.90625,73437.5,47500.0,690625.0,0.001421875,0.029375,6.328125,6.09375,134.0,0.49275717701016086
0,3750.90625,57812.5,17500.0,465625.0,0.001984375,0.023125,5.859375,6.09375,135.0,0.5007949206510007
0,18750.53125,73437.5,17500.0,465625.0,0.001984375,0.023125,5.859375,6.09375,136.0,0.47489385231273495
0,18750.53125,57812.5,47500.0,465625.0,0.001984375,0.023125,5.859375,6.09375,137.0,0.46051243819549104
0,18750.53125,57812.5,17500.0,690625.0,0.001984375,0.023125,5.859375,6.09375,138.0,0.48694120582984357
0,18750.53125,57812.5,17500.0,465625.0,0.001421875,0.023125,5.859375,6.09375,139.0,0.4739229987610141
0,3750.90625,73437.5,47500.0,690625.0,0.001421875,0.029375,5.859375,8.53125,140.0,0.46482902277098875
0,3750.90625,73437.5,47500.0,690625.0,0.001421875,0.029375,6.328125,6.09375,141.0,0.46263208497927083
0,3750.90625,57812.5,17500.0,465625.0,0.001984375,0.023125,5.859375,6.09375,142.0,0.4783510405939012
0,18750.53125,73437.5,17500.0,465625.0,0.001984375,0.023125,5.859375,6.09375,143.0,0.4646470455474983
0,18750.53125,57812.5,47500.0,465625.0,0.001984375,0.023125,5.859375,6.09375,144.0,0.4731764162379227
0,18750.53125,57812.5,17500.0,690625.0,0.001984375,0.023125,5.859375,6.09375,145.0,0.49520978944259053
0,18750.53125,57812.5,17500.0,465625.0,0.001421875,0.023125,5.859375,6.09375,146.0,0.48913022365976117
0,3750.90625,73437.5,47500.0,690625.0,0.001421875,0.029375,5.859375,8.53125,147.0,0.46724944925424683
0,3750.90625,73437.5,47500.0,690625.0,0.001421875,0.029375,6.328125,6.09375,148.0,0.48083056879822544
0,3750.90625,57812.5,17500.0,465625.0,0.001984375,0.023125,5.859375,6.09375,149.0,0.49108350212792873
0,18750.53125,73437.5,17500.0,465625.0,0.001984375,0.023125,5.859375,6.09375,150.0,0.47476278759663226
0,18750.53125,57812.5,47500.0,465625.0,0.001984375,0.023125,5.859375,6.09375,151.0,0.48983210212248096
0,18750.53125,57812.5,17500.0,690625.0,0.001984375,0.023125,5.859375,6.09375,152.0,0.5052260407726671
0,18750.53125,57812.5,17500.0,465625.0,0.001421875,0.023125,5.859375,6.09375,153.0,0.4924993249190548
0,3750.90625,73437.5,47500.0,690625.0,0.001421875,0.029375,5.859375,8.53125,154.0,0.48728952688522786
0,3750.90625,73437.5,47500.0,690625.0,0.001421875,0.029375,6.328125,6.09375,155.0,0.46476470694343236
0,3750.90625,57812.5,17500.0,465625.0,0.001984375,0.023125,5.859375,6.09375,156.0,0.49434127855220455
0,18750.53125,73437.5,17500.0,465625.0,0.001984375,0.023125,5.859375,6.09375,157.0,0.47556747678606787
0,18750.53125,57812.5,47500.0,465625.0,0.001984375,0.023125,5.859375,6.09375,158.0,0.4895122103474773
0,18750.53125,57812.5,17500.0,690625.0,0.001984375,0.023125,5.859375,6.09375,159.0,0.4960814843617175
0,18750.53125,57812.5,17500.0,465625.0,0.001421875,0.023125,5.859375,6.09375,160.0,0.4763354492305935
0,3750.90625,73437.5,47500.0,690625.0,0.001421875,0.029375,5.859375,8.53125,161.0,0.4863723638566052
0,3750.90625,73437.5,47500.0,690625.0,0.001421875,0.029375,6.328125,6.09375,162.0,0.4639148034397204
0,3750.90625,57812.5,17500.0,465625.0,0.001984375,0.023125,5.859375,6.09375,163.0,0.4871250484754424
0,18750.53125,73437.5,17500.0,465625.0,0.001984375,0.023125,5.859375,6.09375,164.0,0.45271987363822497
0,18750.53125,57812.5,47500.0,465625.0,0.001984375,0.023125,5.859375,6.09375,165.0,0.46857553875210756
0,18750.53125,57812.5,17500.0,690625.0,0.001984375,0.023125,5.859375,6.09375,166.0,0.4614056445055465
0,18750.53125,57812.5,17500.0,465625.0,0.001421875,0.023125,5.859375,6.09375,167.0,0.4805870651201049
0,3750.90625,73437.5,47500.0,690625.0,0.001421875,0.029375,5.859375,8.53125,168.0,0.4959847199277071
0,3750.90625,73437.5,47500.0,690625.0,0.001421875,0.029375,6.328125,6.09375,169.0,0.43713003323027977
0,3750.90625,57812.5,17500.0,465625.0,0.001984375,0.023125,5.859375,6.09375,170.0,0.4909952458653266
0,18750.53125,73437.5,17500.0,465625.0,0.001984375,0.023125,5.859375,6.09375,171.0,0.4557613460596886
0,18750.53125,57812.5,47500.0,465625.0,0.001984375,0.023125,5.859375,6.09375,172.0,0.46060217902668943
0,18750.53125,57812.5,17500.0,690625.0,0.001984375,0.023125,5.859375,6.09375,173.0,0.47234333922678085
0,18750.53125,57812.5,17500.0,465625.0,0.001421875,0.023125,5.859375,6.09375,174.0,0.44987601545331724
0,3750.90625,73437.5,47500.0,690625.0,0.001421875,0.029375,5.859375,8.53125,175.0,0.4799540385022933
0,3750.90625,73437.5,47500.0,690625.0,0.001421875,0.029375,6.328125,6.09375,176.0,0.4594081434058742
0,3750.90625,57812.5,17500.0,465625.0,0.001984375,0.023125,5.859375,6.09375,177.0,0.499011220645408
0,18750.53125,73437.5,17500.0,465625.0,0.001984375,0.023125,5.859375,6.09375,178.0,0.4518729157983931
0,18750.53125,57812.5,47500.0,465625.0,0.001984375,0.023125,5.859375,6.09375,179.0,0.47070560032012176
0,18750.53125,57812.5,17500.0,690625.0,0.001984375,0.023125,5.859375,6.09375,180.0,0.4681467554074797
0,18750.53125,57812.5,17500.0,465625.0,0.001421875,0.023125,5.859375,6.09375,181.0,0.4867321734149113
0,3750.90625,73437.5,47500.0,690625.0,0.001421875,0.029375,5.859375,8.53125,182.0,0.4687429214709665
0,3750.90625,73437.5,47500.0,690625.0,0.001421875,0.029375,6.328125,6.09375,183.0,0.4751716709436569
0,3750.90625,57812.5,17500.0,465625.0,0.001984375,0.023125,5.859375,6.09375,184.0,0.49979281736318615
0,18750.53125,73437.5,17500.0,465625.0,0.001984375,0.023125,5.859375,6.09375,185.0,0.46286324734550666
0,18750.53125,57812.5,47500.0,465625.0,0.001984375,0.023125,5.859375,6.09375,186.0,0.480072756975322
0,18750.53125,57812.5,17500.0,690625.0,0.001984375,0.023125,5.859375,6.09375,187.0,0.4764959014744045
0,18750.53125,57812.5,17500.0,465625.0,0.001421875,0.023125,5.859375,6.09375,188.0,0.4743947522965649
0,3750.90625,73437.5,47500.0,690625.0,0.001421875,0.029375,5.859375,8.53125,189.0,0.4775861666461084
0,3750.90625,73437.5,47500.0,690625.0,0.001421875,0.029375,6.328125,6.09375,190.0,0.4597624472950424
0,3750.90625,57812.5,17500.0,465625.0,0.001984375,0.023125,5.859375,6.09375,191.0,0.48584720266090353
0,18750.53125,73437.5,17500.0,465625.0,0.001984375,0.023125,5.859375,6.09375,192.0,0.4575476724688208
0,18750.53125,57812.5,47500.0,465625.0,0.001984375,0.023125,5.859375,6.09375,193.0,0.49154107793437235
0,18750.53125,57812.5,17500.0,690625.0,0.001984375,0.023125,5.859375,6.09375,194.0,0.46899846736355494
0,18750.53125,57812.5,17500.0,465625.0,0.001421875,0.023125,5.859375,6.09375,195.0,0.48400037021487174
0,3750.90625,73437.5,47500.0,690625.0,0.001421875,0.029375,5.859375,8.53125,196.0,0.4821575857948082
0,3750.90625,73437.5,47500.0,690625.0,0.001421875,0.029375,6.328125,6.09375,197.0,0.48759394067938516
0,3750.90625,57812.5,17500.0,465625.0,0.001984375,0.023125,5.859375,6.09375,198.0,0.4880691851295789
0,18750.53125,73437.5,17500.0,465625.0,0.001984375,0.023125,5.859375,6.09375,199.0,0.4664698223050032
0,18750.53125,57812.5,47500.0,465625.0,0.001984375,0.023125,5.859375,6.09375,200.0,0.48598643205536596
0,18750.53125,57812.5,17500.0,690625.0,0.001984375,0.023125,5.859375,6.09375,201.0,0.4793474917931908
0,18750.53125,57812.5,17500.0,465625.0,0.001421875,0.023125,5.859375,6.09375,202.0,0.4655791172736273
0,3750.90625,73437.5,47500.0,690625.0,0.001421875,0.029375,5.859375,8.53125,203.0,0.48454756857256787
0,3750.90625,73437.5,47500.0,690625.0,0.001421875,0.029375,6.328125,6.09375,204.0,0.5014305092035979
0,3750.90625,57812.5,17500.0,465625.0,0.001984375,0.023125,5.859375,6.09375,205.0,0.48105194559445075
0,18750.53125,73437.5,17500.0,465625.0,0.001984375,0.023125,5.859375,6.09375,206.0,0.46365030864540385
0,18750.53125,57812.5,47500.0,465625.0,0.001984375,0.023125,5.859375,6.09375,207.0,0.48524163169385215
0,18750.53125,57812.5,17500.0,690625.0,0.001984375,0.023125,5.859375,6.09375,208.0,0.4764708629566512
0,18750.53125,57812.5,17500.0,465625.0,0.001421875,0.023125,5.859375,6.09375,209.0,0.48184421514826625
