,savings_lower,savings_upper,price_lower,price_upper,payoff_perc_freehold,inflation,chi_parameter,bank_income_multiplier,Run,Gini
0,38750.03125,98437.5,57500.0,915625.0,0.001234375,0.013125,7.109375,7.59375,0.0,0.4222618906367863
0,38750.03125,82812.5,87500.0,915625.0,0.001234375,0.013125,7.109375,7.59375,1.0,0.4350690612848377
0,38750.03125,82812.5,57500.0,240625.0,0.001234375,0.013125,7.109375,7.59375,2.0,0.41627932553178465
0,38750.03125,82812.5,57500.0,915625.0,0.002171875,0.013125,7.109375,7.59375,3.0,0.4438938121397472
0,38750.03125,82812.5,57500.0,915625.0,0.001234375,0.0193749999999999,7.109375,7.59375,4.0,0.432513160770274
0,38750.03125,82812.5,57500.0,915625.0,0.001234375,0.013125,5.078125,7.59375,5.0,0.4347796098946144
0,38750.03125,82812.5,57500.0,915625.0,0.001234375,0.013125,7.109375,7.03125,6.0,0.4178649057958325
0,38750.03125,98437.5,57500.0,915625.0,0.001234375,0.013125,7.109375,7.59375,7.0,0.41632379043040346
0,38750.03125,82812.5,87500.0,915625.0,0.001234375,0.013125,7.109375,7.59375,8.0,0.41233773005290963
0,38750.03125,82812.5,57500.0,240625.0,0.001234375,0.013125,7.109375,7.59375,9.0,0.43488459963976867
0,38750.03125,82812.5,57500.0,915625.0,0.002171875,0.013125,7.109375,7.59375,10.0,0.4279020919588069
0,38750.03125,82812.5,57500.0,915625.0,0.001234375,0.0193749999999999,7.109375,7.59375,11.0,0.44624717383824347
0,38750.03125,82812.5,57500.0,915625.0,0.001234375,0.013125,5.078125,7.59375,12.0,0.48611985150343345
0,38750.03125,82812.5,57500.0,915625.0,0.001234375,0.013125,7.109375,7.03125,13.0,0.45553354850049427
0,38750.03125,98437.5,57500.0,915625.0,0.001234375,0.013125,7.109375,7.59375,14.0,0.42390746736820817
0,38750.03125,82812.5,87500.0,915625.0,0.001234375,0.013125,7.109375,7.59375,15.0,0.4432434342907643
0,38750.03125,82812.5,57500.0,240625.0,0.001234375,0.013125,7.109375,7.59375,16.0,0.44141627664301997
0,38750.03125,82812.5,57500.0,915625.0,0.002171875,0.013125,7.109375,7.59375,17.0,0.4369572626934683
0,38750.03125,82812.5,57500.0,915625.0,0.001234375,0.0193749999999999,7.109375,7.59375,18.0,0.4288528005475249
0,38750.03125,82812.5,57500.0,915625.0,0.001234375,0.013125,5.078125,7.59375,19.0,0.45734113086925327
0,38750.03125,82812.5,57500.0,915625.0,0.001234375,0.013125,7.109375,7.03125,20.0,0.4230888318411797
0,38750.03125,98437.5,57500.0,915625.0,0.001234375,0.013125,7.109375,7.59375,21.0,0.4426420233860857
0,38750.03125,82812.5,87500.0,915625.0,0.001234375,0.013125,7.109375,7.59375,22.0,0.43203010133870506
0,38750.03125,82812.5,57500.0,240625.0,0.001234375,0.013125,7.109375,7.59375,23.0,0.40689399049854974
0,38750.03125,82812.5,57500.0,915625.0,0.002171875,0.013125,7.109375,7.59375,24.0,0.44925976568341763
0,38750.03125,82812.5,57500.0,915625.0,0.001234375,0.0193749999999999,7.109375,7.59375,25.0,0.4131873461500597
0,38750.03125,82812.5,57500.0,915625.0,0.001234375,0.013125,5.078125,7.59375,26.0,0.4731528150407755
0,38750.03125,82812.5,57500.0,915625.0,0.001234375,0.013125,7.109375,7.03125,27.0,0.42918327610358226
0,38750.03125,98437.5,57500.0,915625.0,0.001234375,0.013125,7.109375,7.59375,28.0,0.4267181973850347
0,38750.03125,82812.5,87500.0,915625.0,0.001234375,0.013125,7.109375,7.59375,29.0,0.4332505306956555
0,38750.03125,82812.5,57500.0,240625.0,0.001234375,0.013125,7.109375,7.59375,30.0,0.4377124728570035
0,38750.03125,82812.5,57500.0,915625.0,0.002171875,0.013125,7.109375,7.59375,31.0,0.4417047876734826
0,38750.03125,82812.5,57500.0,915625.0,0.001234375,0.0193749999999999,7.109375,7.59375,32.0,0.4272681117645221
0,38750.03125,82812.5,57500.0,915625.0,0.001234375,0.013125,5.078125,7.59375,33.0,0.45618819073652106
0,38750.03125,82812.5,57500.0,915625.0,0.001234375,0.013125,7.109375,7.03125,34.0,0.439295046938983
0,38750.03125,98437.5,57500.0,915625.0,0.001234375,0.013125,7.109375,7.59375,35.0,0.4230523699898397
0,38750.03125,82812.5,87500.0,915625.0,0.001234375,0.013125,7.109375,7.59375,36.0,0.42873086065803484
0,38750.03125,82812.5,57500.0,240625.0,0.001234375,0.013125,7.109375,7.59375,37.0,0.4308115399140196
0,38750.03125,82812.5,57500.0,915625.0,0.002171875,0.013125,7.109375,7.59375,38.0,0.4263644699902519
0,38750.03125,82812.5,57500.0,915625.0,0.001234375,0.0193749999999999,7.109375,7.59375,39.0,0.45614047668956514
0,38750.03125,82812.5,57500.0,915625.0,0.001234375,0.013125,5.078125,7.59375,40.0,0.46758245125570225
0,38750.03125,82812.5,57500.0,915625.0,0.001234375,0.013125,7.109375,7.03125,41.0,0.43100739547039096
0,38750.03125,98437.5,57500.0,915625.0,0.001234375,0.013125,7.109375,7.59375,42.0,0.41424453649616105
0,38750.03125,82812.5,87500.0,915625.0,0.001234375,0.013125,7.109375,7.59375,43.0,0.4350069967941209
0,38750.03125,82812.5,57500.0,240625.0,0.001234375,0.013125,7.109375,7.59375,44.0,0.4353447619400041
0,38750.03125,82812.5,57500.0,915625.0,0.002171875,0.013125,7.109375,7.59375,45.0,0.4513205829875158
0,38750.03125,82812.5,57500.0,915625.0,0.001234375,0.0193749999999999,7.109375,7.59375,46.0,0.4121038464158264
0,38750.03125,82812.5,57500.0,915625.0,0.001234375,0.013125,5.078125,7.59375,47.0,0.4429481069281685
0,38750.03125,82812.5,57500.0,915625.0,0.001234375,0.013125,7.109375,7.03125,48.0,0.43022949168090735
0,38750.03125,98437.5,57500.0,915625.0,0.001234375,0.013125,7.109375,7.59375,49.0,0.4195905070080619
0,38750.03125,82812.5,87500.0,915625.0,0.001234375,0.013125,7.109375,7.59375,50.0,0.42912533244140366
0,38750.03125,82812.5,57500.0,240625.0,0.001234375,0.013125,7.109375,7.59375,51.0,0.4226113013850884
0,38750.03125,82812.5,57500.0,915625.0,0.002171875,0.013125,7.109375,7.59375,52.0,0.4271610150380372
0,38750.03125,82812.5,57500.0,915625.0,0.001234375,0.0193749999999999,7.109375,7.59375,53.0,0.4411017494588891
0,38750.03125,82812.5,57500.0,915625.0,0.001234375,0.013125,5.078125,7.59375,54.0,0.477745385271829
0,38750.03125,82812.5,57500.0,915625.0,0.001234375,0.013125,7.109375,7.03125,55.0,0.4310401829021762
0,38750.03125,98437.5,57500.0,915625.0,0.001234375,0.013125,7.109375,7.59375,56.0,0.40917985588135436
0,38750.03125,82812.5,87500.0,915625.0,0.001234375,0.013125,7.109375,7.59375,57.0,0.4264243031328503
0,38750.03125,82812.5,57500.0,240625.0,0.001234375,0.013125,7.109375,7.59375,58.0,0.436401906645696
0,38750.03125,82812.5,57500.0,915625.0,0.002171875,0.013125,7.109375,7.59375,59.0,0.4158532131495746
0,38750.03125,82812.5,57500.0,915625.0,0.001234375,0.0193749999999999,7.109375,7.59375,60.0,0.4216382085945678
0,38750.03125,82812.5,57500.0,915625.0,0.001234375,0.013125,5.078125,7.59375,61.0,0.4588310449611361
0,38750.03125,82812.5,57500.0,915625.0,0.001234375,0.013125,7.109375,7.03125,62.0,0.43389393157624845
0,38750.03125,98437.5,57500.0,915625.0,0.001234375,0.013125,7.109375,7.59375,63.0,0.419417583967524
0,38750.03125,82812.5,87500.0,915625.0,0.001234375,0.013125,7.109375,7.59375,64.0,0.4334566184238523
0,38750.03125,82812.5,57500.0,240625.0,0.001234375,0.013125,7.109375,7.59375,65.0,0.438277066384844
0,38750.03125,82812.5,57500.0,915625.0,0.002171875,0.013125,7.109375,7.59375,66.0,0.429409695378886
0,38750.03125,82812.5,57500.0,915625.0,0.001234375,0.0193749999999999,7.109375,7.59375,67.0,0.4338669784636543
0,38750.03125,82812.5,57500.0,915625.0,0.001234375,0.013125,5.078125,7.59375,68.0,0.4653093046832183
0,38750.03125,82812.5,57500.0,915625.0,0.001234375,0.013125,7.109375,7.03125,69.0,0.4300275070498556
0,38750.03125,98437.5,57500.0,915625.0,0.001234375,0.013125,7.109375,7.59375,70.0,0.41230109185826064
0,38750.03125,82812.5,87500.0,915625.0,0.001234375,0.013125,7.109375,7.59375,71.0,0.4474518111855618
0,38750.03125,82812.5,57500.0,240625.0,0.001234375,0.013125,7.109375,7.59375,72.0,0.4274512572076925
0,38750.03125,82812.5,57500.0,915625.0,0.002171875,0.013125,7.109375,7.59375,73.0,0.44586586042871074
0,38750.03125,82812.5,57500.0,915625.0,0.001234375,0.0193749999999999,7.109375,7.59375,74.0,0.43923482473193587
0,38750.03125,82812.5,57500.0,915625.0,0.001234375,0.013125,5.078125,7.59375,75.0,0.4648048899937996
0,38750.03125,82812.5,57500.0,915625.0,0.001234375,0.013125,7.109375,7.03125,76.0,0.451634106482183
0,38750.03125,98437.5,57500.0,915625.0,0.001234375,0.013125,7.109375,7.59375,77.0,0.4391755925088672
0,38750.03125,82812.5,87500.0,915625.0,0.001234375,0.013125,7.109375,7.59375,78.0,0.45045158108858724
0,38750.03125,82812.5,57500.0,240625.0,0.001234375,0.013125,7.109375,7.59375,79.0,0.4264405061076226
0,38750.03125,82812.5,57500.0,915625.0,0.002171875,0.013125,7.109375,7.59375,80.0,0.4137582361089991
0,38750.03125,82812.5,57500.0,915625.0,0.001234375,0.0193749999999999,7.109375,7.59375,81.0,0.42488310612779684
0,38750.03125,82812.5,57500.0,915625.0,0.001234375,0.013125,5.078125,7.59375,82.0,0.46504024350737955
0,38750.03125,82812.5,57500.0,915625.0,0.001234375,0.013125,7.109375,7.03125,83.0,0.4346973168491885
0,38750.03125,98437.5,57500.0,915625.0,0.001234375,0.013125,7.109375,7.59375,84.0,0.4230626623036937
0,38750.03125,82812.5,87500.0,915625.0,0.001234375,0.013125,7.109375,7.59375,85.0,0.44188338516536424
0,38750.03125,82812.5,57500.0,240625.0,0.001234375,0.013125,7.109375,7.59375,86.0,0.42919550335132284
0,38750.03125,82812.5,57500.0,915625.0,0.002171875,0.013125,7.109375,7.59375,87.0,0.4326634625815588
0,38750.03125,82812.5,57500.0,915625.0,0.001234375,0.0193749999999999,7.109375,7.59375,88.0,0.4383967705669572
0,38750.03125,82812.5,57500.0,915625.0,0.001234375,0.013125,5.078125,7.59375,89.0,0.44888220959098185
0,38750.03125,82812.5,57500.0,915625.0,0.001234375,0.013125,7.109375,7.03125,90.0,0.42503140615359386
0,38750.03125,98437.5,57500.0,915625.0,0.001234375,0.013125,7.109375,7.59375,91.0,0.4298533072608472
0,38750.03125,82812.5,87500.0,915625.0,0.001234375,0.013125,7.109375,7.59375,92.0,0.42439064412160116
0,38750.03125,82812.5,57500.0,240625.0,0.001234375,0.013125,7.109375,7.59375,93.0,0.4185380118009938
0,38750.03125,82812.5,57500.0,915625.0,0.002171875,0.013125,7.109375,7.59375,94.0,0.4247962190498269
0,38750.03125,82812.5,57500.0,915625.0,0.001234375,0.0193749999999999,7.109375,7.59375,95.0,0.4210861634845023
0,38750.03125,82812.5,57500.0,915625.0,0.001234375,0.013125,5.078125,7.59375,96.0,0.47003798332463553
0,38750.03125,82812.5,57500.0,915625.0,0.001234375,0.013125,7.109375,7.03125,97.0,0.45013476473298863
0,38750.03125,98437.5,57500.0,915625.0,0.001234375,0.013125,7.109375,7.59375,98.0,0.4276327411058669
0,38750.03125,82812.5,87500.0,915625.0,0.001234375,0.013125,7.109375,7.59375,99.0,0.437890818662226
0,38750.03125,82812.5,57500.0,240625.0,0.001234375,0.013125,7.109375,7.59375,100.0,0.43471976186715966
0,38750.03125,82812.5,57500.0,915625.0,0.002171875,0.013125,7.109375,7.59375,101.0,0.4393695667696974
0,38750.03125,82812.5,57500.0,915625.0,0.001234375,0.0193749999999999,7.109375,7.59375,102.0,0.42094223849032264
0,38750.03125,82812.5,57500.0,915625.0,0.001234375,0.013125,5.078125,7.59375,103.0,0.45762780307384754
0,38750.03125,82812.5,57500.0,915625.0,0.001234375,0.013125,7.109375,7.03125,104.0,0.43559553272571666
0,38750.03125,98437.5,57500.0,915625.0,0.001234375,0.013125,7.109375,7.59375,105.0,0.42343364217398466
0,38750.03125,82812.5,87500.0,915625.0,0.001234375,0.013125,7.109375,7.59375,106.0,0.43726805062798163
0,38750.03125,82812.5,57500.0,240625.0,0.001234375,0.013125,7.109375,7.59375,107.0,0.42962983327906273
0,38750.03125,82812.5,57500.0,915625.0,0.002171875,0.013125,7.109375,7.59375,108.0,0.45182553074553816
0,38750.03125,82812.5,57500.0,915625.0,0.001234375,0.0193749999999999,7.109375,7.59375,109.0,0.4308929193258419
0,38750.03125,82812.5,57500.0,915625.0,0.001234375,0.013125,5.078125,7.59375,110.0,0.46474680592399714
0,38750.03125,82812.5,57500.0,915625.0,0.001234375,0.013125,7.109375,7.03125,111.0,0.41550055286612664
0,38750.03125,98437.5,57500.0,915625.0,0.001234375,0.013125,7.109375,7.59375,112.0,0.40522526432944245
0,38750.03125,82812.5,87500.0,915625.0,0.001234375,0.013125,7.109375,7.59375,113.0,0.43702441463031
0,38750.03125,82812.5,57500.0,240625.0,0.001234375,0.013125,7.109375,7.59375,114.0,0.4542153552223998
0,38750.03125,82812.5,57500.0,915625.0,0.002171875,0.013125,7.109375,7.59375,115.0,0.4252728529862015
0,38750.03125,82812.5,57500.0,915625.0,0.001234375,0.0193749999999999,7.109375,7.59375,116.0,0.4274503813360122
0,38750.03125,82812.5,57500.0,915625.0,0.001234375,0.013125,5.078125,7.59375,117.0,0.4809135668193629
0,38750.03125,82812.5,57500.0,915625.0,0.001234375,0.013125,7.109375,7.03125,118.0,0.44309067794470197
0,38750.03125,98437.5,57500.0,915625.0,0.001234375,0.013125,7.109375,7.59375,119.0,0.421287336529669
0,38750.03125,82812.5,87500.0,915625.0,0.001234375,0.013125,7.109375,7.59375,120.0,0.4379112186841349
0,38750.03125,82812.5,57500.0,240625.0,0.001234375,0.013125,7.109375,7.59375,121.0,0.43729502428316
0,38750.03125,82812.5,57500.0,915625.0,0.002171875,0.013125,7.109375,7.59375,122.0,0.4478243812303333
0,38750.03125,82812.5,57500.0,915625.0,0.001234375,0.0193749999999999,7.109375,7.59375,123.0,0.42103495778054384
0,38750.03125,82812.5,57500.0,915625.0,0.001234375,0.013125,5.078125,7.59375,124.0,0.44142997702349995
0,38750.03125,82812.5,57500.0,915625.0,0.001234375,0.013125,7.109375,7.03125,125.0,0.425926431279318
0,38750.03125,98437.5,57500.0,915625.0,0.001234375,0.013125,7.109375,7.59375,126.0,0.42287679834128433
0,38750.03125,82812.5,87500.0,915625.0,0.001234375,0.013125,7.109375,7.59375,127.0,0.44261169693257996
0,38750.03125,82812.5,57500.0,240625.0,0.001234375,0.013125,7.109375,7.59375,128.0,0.4370565605612453
0,38750.03125,82812.5,57500.0,915625.0,0.002171875,0.013125,7.109375,7.59375,129.0,0.40862615779284267
0,38750.03125,82812.5,57500.0,915625.0,0.001234375,0.0193749999999999,7.109375,7.59375,130.0,0.4319747743058446
0,38750.03125,82812.5,57500.0,915625.0,0.001234375,0.013125,5.078125,7.59375,131.0,0.46209817919820867
0,38750.03125,82812.5,57500.0,915625.0,0.001234375,0.013125,7.109375,7.03125,132.0,0.420974939219597
0,38750.03125,98437.5,57500.0,915625.0,0.001234375,0.013125,7.109375,7.59375,133.0,0.3900287883261384
0,38750.03125,82812.5,87500.0,915625.0,0.001234375,0.013125,7.109375,7.59375,134.0,0.44163093219529764
0,38750.03125,82812.5,57500.0,240625.0,0.001234375,0.013125,7.109375,7.59375,135.0,0.40831116191985395
0,38750.03125,82812.5,57500.0,915625.0,0.002171875,0.013125,7.109375,7.59375,136.0,0.43538200303122715
0,38750.03125,82812.5,57500.0,915625.0,0.001234375,0.0193749999999999,7.109375,7.59375,137.0,0.4199844425751089
0,38750.03125,82812.5,57500.0,915625.0,0.001234375,0.013125,5.078125,7.59375,138.0,0.4431535298647711
0,38750.03125,82812.5,57500.0,915625.0,0.001234375,0.013125,7.109375,7.03125,139.0,0.4148747534375025
0,38750.03125,98437.5,57500.0,915625.0,0.001234375,0.013125,7.109375,7.59375,140.0,0.42557270675406483
0,38750.03125,82812.5,87500.0,915625.0,0.001234375,0.013125,7.109375,7.59375,141.0,0.41203737067312685
0,38750.03125,82812.5,57500.0,240625.0,0.001234375,0.013125,7.109375,7.59375,142.0,0.4449579074138961
0,38750.03125,82812.5,57500.0,915625.0,0.002171875,0.013125,7.109375,7.59375,143.0,0.42636863135113284
0,38750.03125,82812.5,57500.0,915625.0,0.001234375,0.0193749999999999,7.109375,7.59375,144.0,0.430930541115535
0,38750.03125,82812.5,57500.0,915625.0,0.001234375,0.013125,5.078125,7.59375,145.0,0.4623754536553356
0,38750.03125,82812.5,57500.0,915625.0,0.001234375,0.013125,7.109375,7.03125,146.0,0.4263642296683448
0,38750.03125,98437.5,57500.0,915625.0,0.001234375,0.013125,7.109375,7.59375,147.0,0.43298491750753887
0,38750.03125,82812.5,87500.0,915625.0,0.001234375,0.013125,7.109375,7.59375,148.0,0.43172682147477714
0,38750.03125,82812.5,57500.0,240625.0,0.001234375,0.013125,7.109375,7.59375,149.0,0.42256661724484706
0,38750.03125,82812.5,57500.0,915625.0,0.002171875,0.013125,7.109375,7.59375,150.0,0.4386609360882905
0,38750.03125,82812.5,57500.0,915625.0,0.001234375,0.0193749999999999,7.109375,7.59375,151.0,0.4284014865583052
0,38750.03125,82812.5,57500.0,915625.0,0.001234375,0.013125,5.078125,7.59375,152.0,0.4532036586564816
0,38750.03125,82812.5,57500.0,915625.0,0.001234375,0.013125,7.109375,7.03125,153.0,0.4225746716742177
0,38750.03125,98437.5,57500.0,915625.0,0.001234375,0.013125,7.109375,7.59375,154.0,0.4323747156733325
0,38750.03125,82812.5,87500.0,915625.0,0.001234375,0.013125,7.109375,7.59375,155.0,0.4356253139319981
0,38750.03125,82812.5,57500.0,240625.0,0.001234375,0.013125,7.109375,7.59375,156.0,0.4490510907210498
0,38750.03125,82812.5,57500.0,915625.0,0.002171875,0.013125,7.109375,7.59375,157.0,0.4346609489944472
0,38750.03125,82812.5,57500.0,915625.0,0.001234375,0.0193749999999999,7.109375,7.59375,158.0,0.43886457289048375
0,38750.03125,82812.5,57500.0,915625.0,0.001234375,0.013125,5.078125,7.59375,159.0,0.4308842460275662
0,38750.03125,82812.5,57500.0,915625.0,0.001234375,0.013125,7.109375,7.03125,160.0,0.43897163754059587
0,38750.03125,98437.5,57500.0,915625.0,0.001234375,0.013125,7.109375,7.59375,161.0,0.42201818770031335
0,38750.03125,82812.5,87500.0,915625.0,0.001234375,0.013125,7.109375,7.59375,162.0,0.4273233484359001
0,38750.03125,82812.5,57500.0,240625.0,0.001234375,0.013125,7.109375,7.59375,163.0,0.4559575150733836
0,38750.03125,82812.5,57500.0,915625.0,0.002171875,0.013125,7.109375,7.59375,164.0,0.4078201600985736
0,38750.03125,82812.5,57500.0,915625.0,0.001234375,0.0193749999999999,7.109375,7.59375,165.0,0.4292474059414224
0,38750.03125,82812.5,57500.0,915625.0,0.001234375,0.013125,5.078125,7.59375,166.0,0.47134613382344004
0,38750.03125,82812.5,57500.0,915625.0,0.001234375,0.013125,7.109375,7.03125,167.0,0.42727338672720067
0,38750.03125,98437.5,57500.0,915625.0,0.001234375,0.013125,7.109375,7.59375,168.0,0.43173167673816315
0,38750.03125,82812.5,87500.0,915625.0,0.001234375,0.013125,7.109375,7.59375,169.0,0.4372413487921146
0,38750.03125,82812.5,57500.0,240625.0,0.001234375,0.013125,7.109375,7.59375,170.0,0.43430187067825915
0,38750.03125,82812.5,57500.0,915625.0,0.002171875,0.013125,7.109375,7.59375,171.0,0.44302117743619207
0,38750.03125,82812.5,57500.0,915625.0,0.001234375,0.0193749999999999,7.109375,7.59375,172.0,0.41569804846297936
0,38750.03125,82812.5,57500.0,915625.0,0.001234375,0.013125,5.078125,7.59375,173.0,0.45844468383922393
0,38750.03125,82812.5,57500.0,915625.0,0.001234375,0.013125,7.109375,7.03125,174.0,0.4162761274547593
0,38750.03125,98437.5,57500.0,915625.0,0.001234375,0.013125,7.109375,7.59375,175.0,0.40321633931531514
0,38750.03125,82812.5,87500.0,915625.0,0.001234375,0.013125,7.109375,7.59375,176.0,0.4293248258717284
0,38750.03125,82812.5,57500.0,240625.0,0.001234375,0.013125,7.109375,7.59375,177.0,0.42124252400361034
0,38750.03125,82812.5,57500.0,915625.0,0.002171875,0.013125,7.109375,7.59375,178.0,0.4420719910258335
0,38750.03125,82812.5,57500.0,915625.0,0.001234375,0.0193749999999999,7.109375,7.59375,179.0,0.42656519090941286
0,38750.03125,82812.5,57500.0,915625.0,0.001234375,0.013125,5.078125,7.59375,180.0,0.44856182672731987
0,38750.03125,82812.5,57500.0,915625.0,0.001234375,0.013125,7.109375,7.03125,181.0,0.43173213971957675
0,38750.03125,98437.5,57500.0,915625.0,0.001234375,0.013125,7.109375,7.59375,182.0,0.41061498591993784
0,38750.03125,82812.5,87500.0,915625.0,0.001234375,0.013125,7.109375,7.59375,183.0,0.420538331078645
0,38750.03125,82812.5,57500.0,240625.0,0.001234375,0.013125,7.109375,7.59375,184.0,0.445874283607859
0,38750.03125,82812.5,57500.0,915625.0,0.002171875,0.013125,7.109375,7.59375,185.0,0.45532840291672483
0,38750.03125,82812.5,57500.0,915625.0,0.001234375,0.0193749999999999,7.109375,7.59375,186.0,0.4409303060404094
0,38750.03125,82812.5,57500.0,915625.0,0.001234375,0.013125,5.078125,7.59375,187.0,0.45691454071492427
0,38750.03125,82812.5,57500.0,915625.0,0.001234375,0.013125,7.109375,7.03125,188.0,0.4420917307850467
0,38750.03125,98437.5,57500.0,915625.0,0.001234375,0.013125,7.109375,7.59375,189.0,0.4331535226304158
0,38750.03125,82812.5,87500.0,915625.0,0.001234375,0.013125,7.109375,7.59375,190.0,0.434675422340051
0,38750.03125,82812.5,57500.0,240625.0,0.001234375,0.013125,7.109375,7.59375,191.0,0.4333936741333812
0,38750.03125,82812.5,57500.0,915625.0,0.002171875,0.013125,7.109375,7.59375,192.0,0.438645644392426
0,38750.03125,82812.5,57500.0,915625.0,0.001234375,0.0193749999999999,7.109375,7.59375,193.0,0.43036110331749783
0,38750.03125,82812.5,57500.0,915625.0,0.001234375,0.013125,5.078125,7.59375,194.0,0.4661483768052454
0,38750.03125,82812.5,57500.0,915625.0,0.001234375,0.013125,7.109375,7.03125,195.0,0.4278626243098829
0,38750.03125,98437.5,57500.0,915625.0,0.001234375,0.013125,7.109375,7.59375,196.0,0.40991402166804963
0,38750.03125,82812.5,87500.0,915625.0,0.001234375,0.013125,7.109375,7.59375,197.0,0.45464848938848146
0,38750.03125,82812.5,57500.0,240625.0,0.001234375,0.013125,7.109375,7.59375,198.0,0.4085739167414783
0,38750.03125,82812.5,57500.0,915625.0,0.002171875,0.013125,7.109375,7.59375,199.0,0.41346797215235703
0,38750.03125,82812.5,57500.0,915625.0,0.001234375,0.0193749999999999,7.109375,7.59375,200.0,0.4144729797881117
0,38750.03125,82812.5,57500.0,915625.0,0.001234375,0.013125,5.078125,7.59375,201.0,0.47158681168685845
0,38750.03125,82812.5,57500.0,915625.0,0.001234375,0.013125,7.109375,7.03125,202.0,0.4486562552917788
0,38750.03125,98437.5,57500.0,915625.0,0.001234375,0.013125,7.109375,7.59375,203.0,0.4137076849609046
0,38750.03125,82812.5,87500.0,915625.0,0.001234375,0.013125,7.109375,7.59375,204.0,0.43287166245319514
0,38750.03125,82812.5,57500.0,240625.0,0.001234375,0.013125,7.109375,7.59375,205.0,0.42402612068323053
0,38750.03125,82812.5,57500.0,915625.0,0.002171875,0.013125,7.109375,7.59375,206.0,0.4450122104870534
0,38750.03125,82812.5,57500.0,915625.0,0.001234375,0.0193749999999999,7.109375,7.59375,207.0,0.4322099814785958
0,38750.03125,82812.5,57500.0,915625.0,0.001234375,0.013125,5.078125,7.59375,208.0,0.45536191451135566
0,38750.03125,82812.5,57500.0,915625.0,0.001234375,0.013125,7.109375,7.03125,209.0,0.42479280680640596
