,savings_lower,savings_upper,price_lower,price_upper,payoff_perc_freehold,inflation,chi_parameter,bank_income_multiplier,Run,Gini
0,16563.0859375,76953.125,59375.0,627343.75,0.00232421875,0.01515625,6.50390625,6.2109375,0.0,0.5214418693223517
0,16563.0859375,76953.125,59375.0,627343.75,0.00232421875,0.01515625,6.50390625,6.8203125,1.0,0.48510722325525873
0,16563.0859375,76953.125,59375.0,627343.75,0.00232421875,0.01515625,6.50390625,6.2109375,2.0,0.5002994170826333
0,16563.0859375,76953.125,59375.0,627343.75,0.00232421875,0.01515625,6.50390625,6.8203125,3.0,0.515747550327829
0,16563.0859375,76953.125,59375.0,627343.75,0.00232421875,0.01515625,6.50390625,6.2109375,4.0,0.5564684056649833
0,16563.0859375,76953.125,59375.0,627343.75,0.00232421875,0.01515625,6.50390625,6.8203125,5.0,0.5237133556887081
0,16563.0859375,76953.125,59375.0,627343.75,0.00232421875,0.01515625,6.50390625,6.2109375,6.0,0.5529586175037293
0,16563.0859375,76953.125,59375.0,627343.75,0.00232421875,0.01515625,6.50390625,6.8203125,7.0,0.5485426574882268
0,16563.0859375,76953.125,59375.0,627343.75,0.00232421875,0.01515625,6.50390625,6.2109375,8.0,0.5073871614036254
0,16563.0859375,76953.125,59375.0,627343.75,0.00232421875,0.01515625,6.50390625,6.8203125,9.0,0.5506762254486407
0,16563.0859375,76953.125,59375.0,627343.75,0.00232421875,0.01515625,6.50390625,6.2109375,10.0,0.5455405377405997
0,16563.0859375,76953.125,59375.0,627343.75,0.00232421875,0.01515625,6.50390625,6.8203125,11.0,0.5402500299177849
0,16563.0859375,76953.125,59375.0,627343.75,0.00232421875,0.01515625,6.50390625,6.2109375,12.0,0.5274939309512572
0,16563.0859375,76953.125,59375.0,627343.75,0.00232421875,0.01515625,6.50390625,6.8203125,13.0,0.4835579478723107
0,16563.0859375,76953.125,59375.0,627343.75,0.00232421875,0.01515625,6.50390625,6.2109375,14.0,0.5074291037186048
0,16563.0859375,76953.125,59375.0,627343.75,0.00232421875,0.01515625,6.50390625,6.8203125,15.0,0.5257214909660419
0,16563.0859375,76953.125,59375.0,627343.75,0.00232421875,0.01515625,6.50390625,6.2109375,16.0,0.5420445826829383
0,16563.0859375,76953.125,59375.0,627343.75,0.00232421875,0.01515625,6.50390625,6.8203125,17.0,0.47878195524211487
0,16563.0859375,76953.125,59375.0,627343.75,0.00232421875,0.01515625,6.50390625,6.2109375,18.0,0.49805440262918577
0,16563.0859375,76953.125,59375.0,627343.75,0.00232421875,0.01515625,6.50390625,6.8203125,19.0,0.4844104748822389
0,16563.0859375,76953.125,59375.0,627343.75,0.00232421875,0.01515625,6.50390625,6.2109375,20.0,0.482549468559598
0,16563.0859375,76953.125,59375.0,627343.75,0.00232421875,0.01515625,6.50390625,6.8203125,21.0,0.5480680791782399
0,16563.0859375,76953.125,59375.0,627343.75,0.00232421875,0.01515625,6.50390625,6.2109375,22.0,0.5400438253817255
0,16563.0859375,76953.125,59375.0,627343.75,0.00232421875,0.01515625,6.50390625,6.8203125,23.0,0.4847238339608906
0,16563.0859375,76953.125,59375.0,627343.75,0.00232421875,0.01515625,6.50390625,6.2109375,24.0,0.571836019308187
0,16563.0859375,76953.125,59375.0,627343.75,0.00232421875,0.01515625,6.50390625,6.8203125,25.0,0.5066884931337473
0,16563.0859375,76953.125,59375.0,627343.75,0.00232421875,0.01515625,6.50390625,6.2109375,26.0,0.5640020338271541
0,16563.0859375,76953.125,59375.0,627343.75,0.00232421875,0.01515625,6.50390625,6.8203125,27.0,0.5843037758013855
0,16563.0859375,76953.125,59375.0,627343.75,0.00232421875,0.01515625,6.50390625,6.2109375,28.0,0.5358707031927177
0,16563.0859375,76953.125,59375.0,627343.75,0.00232421875,0.01515625,6.50390625,6.8203125,29.0,0.5052630047576759
0,16563.0859375,76953.125,59375.0,627343.75,0.00232421875,0.01515625,6.50390625,6.2109375,30.0,0.52683142604029
0,16563.0859375,76953.125,59375.0,627343.75,0.00232421875,0.01515625,6.50390625,6.8203125,31.0,0.5107590247454666
0,16563.0859375,76953.125,59375.0,627343.75,0.00232421875,0.01515625,6.50390625,6.2109375,32.0,0.5619830239769111
0,16563.0859375,76953.125,59375.0,627343.75,0.00232421875,0.01515625,6.50390625,6.8203125,33.0,0.47990026664805485
0,16563.0859375,76953.125,59375.0,627343.75,0.00232421875,0.01515625,6.50390625,6.2109375,34.0,0.5336779130882896
0,16563.0859375,76953.125,59375.0,627343.75,0.00232421875,0.01515625,6.50390625,6.8203125,35.0,0.4751878228218831
0,16563.0859375,76953.125,59375.0,627343.75,0.00232421875,0.01515625,6.50390625,6.2109375,36.0,0.5139493466458611
0,16563.0859375,76953.125,59375.0,627343.75,0.00232421875,0.01515625,6.50390625,6.8203125,37.0,0.5437864041319868
0,16563.0859375,76953.125,59375.0,627343.75,0.00232421875,0.01515625,6.50390625,6.2109375,38.0,0.48877180114846924
0,16563.0859375,76953.125,59375.0,627343.75,0.00232421875,0.01515625,6.50390625,6.8203125,39.0,0.5750393795949365
0,16563.0859375,76953.125,59375.0,627343.75,0.00232421875,0.01515625,6.50390625,6.2109375,40.0,0.5321760175373514
0,16563.0859375,76953.125,59375.0,627343.75,0.00232421875,0.01515625,6.50390625,6.8203125,41.0,0.53296560015312
0,16563.0859375,76953.125,59375.0,627343.75,0.00232421875,0.01515625,6.50390625,6.2109375,42.0,0.4684010331536503
0,16563.0859375,76953.125,59375.0,627343.75,0.00232421875,0.01515625,6.50390625,6.8203125,43.0,0.512722152999467
0,16563.0859375,76953.125,59375.0,627343.75,0.00232421875,0.01515625,6.50390625,6.2109375,44.0,0.5462829321962428
0,16563.0859375,76953.125,59375.0,627343.75,0.00232421875,0.01515625,6.50390625,6.8203125,45.0,0.516867767728727
0,16563.0859375,76953.125,59375.0,627343.75,0.00232421875,0.01515625,6.50390625,6.2109375,46.0,0.545037902416809
0,16563.0859375,76953.125,59375.0,627343.75,0.00232421875,0.01515625,6.50390625,6.8203125,47.0,0.505899285875657
0,16563.0859375,76953.125,59375.0,627343.75,0.00232421875,0.01515625,6.50390625,6.2109375,48.0,0.497356603940515
0,16563.0859375,76953.125,59375.0,627343.75,0.00232421875,0.01515625,6.50390625,6.8203125,49.0,0.5018296716466571
0,16563.0859375,76953.125,59375.0,627343.75,0.00232421875,0.01515625,6.50390625,6.2109375,50.0,0.5587159823128656
0,16563.0859375,76953.125,59375.0,627343.75,0.00232421875,0.01515625,6.50390625,6.8203125,51.0,0.5201861693574475
0,16563.0859375,76953.125,59375.0,627343.75,0.00232421875,0.01515625,6.50390625,6.2109375,52.0,0.502306505719057
0,16563.0859375,76953.125,59375.0,627343.75,0.00232421875,0.01515625,6.50390625,6.8203125,53.0,0.546389955309522
0,16563.0859375,76953.125,59375.0,627343.75,0.00232421875,0.01515625,6.50390625,6.2109375,54.0,0.5257176248874643
0,16563.0859375,76953.125,59375.0,627343.75,0.00232421875,0.01515625,6.50390625,6.8203125,55.0,0.5335347402300612
0,16563.0859375,76953.125,59375.0,627343.75,0.00232421875,0.01515625,6.50390625,6.2109375,56.0,0.47408638152088906
0,16563.0859375,76953.125,59375.0,627343.75,0.00232421875,0.01515625,6.50390625,6.8203125,57.0,0.5458260419439358
0,16563.0859375,76953.125,59375.0,627343.75,0.00232421875,0.01515625,6.50390625,6.2109375,58.0,0.5180760834037951
0,16563.0859375,76953.125,59375.0,627343.75,0.00232421875,0.01515625,6.50390625,6.8203125,59.0,0.53794858596681
