,savings_lower,savings_upper,price_lower,price_upper,payoff_perc_freehold,inflation,chi_parameter,bank_income_multiplier,Run,Gini
0,18750.53125,57812.5,17500.0,465625.0,0.001984375,0.029375,5.859375,6.09375,0.0,0.48181383820759427
0,18750.53125,57812.5,17500.0,465625.0,0.001984375,0.023125,6.328125,6.09375,1.0,0.46598150700552293
0,18750.53125,57812.5,17500.0,465625.0,0.001984375,0.023125,5.859375,8.53125,2.0,0.5115876824325064
0,18750.53125,57812.5,17500.0,465625.0,0.001984375,0.023125,5.859375,6.09375,3.0,0.47099723011533373
0,23750.40625,98437.5,87500.0,240625.0,0.002171875,0.0193749999999999,5.078125,7.03125,4.0,0.4409776015358733
0,38750.03125,98437.5,87500.0,240625.0,0.002171875,0.0193749999999999,5.078125,7.03125,5.0,0.46845853266140935
0,23750.40625,82812.5,87500.0,240625.0,0.002171875,0.0193749999999999,5.078125,7.03125,6.0,0.4496872255075309
0,18750.53125,57812.5,17500.0,465625.0,0.001984375,0.029375,5.859375,6.09375,7.0,0.4652577953342654
0,18750.53125,57812.5,17500.0,465625.0,0.001984375,0.023125,6.328125,6.09375,8.0,0.4699625726536675
0,18750.53125,57812.5,17500.0,465625.0,0.001984375,0.023125,5.859375,8.53125,9.0,0.47258081191581164
0,18750.53125,57812.5,17500.0,465625.0,0.001984375,0.023125,5.859375,6.09375,10.0,0.48267896976954594
0,23750.40625,98437.5,87500.0,240625.0,0.002171875,0.0193749999999999,5.078125,7.03125,11.0,0.4401355248681937
0,38750.03125,98437.5,87500.0,240625.0,0.002171875,0.0193749999999999,5.078125,7.03125,12.0,0.43523608452497714
0,23750.40625,82812.5,87500.0,240625.0,0.002171875,0.0193749999999999,5.078125,7.03125,13.0,0.4700004110025986
0,18750.53125,57812.5,17500.0,465625.0,0.001984375,0.029375,5.859375,6.09375,14.0,0.4868424637943356
0,18750.53125,57812.5,17500.0,465625.0,0.001984375,0.023125,6.328125,6.09375,15.0,0.43869439293678264
0,18750.53125,57812.5,17500.0,465625.0,0.001984375,0.023125,5.859375,8.53125,16.0,0.4862473993070494
0,18750.53125,57812.5,17500.0,465625.0,0.001984375,0.023125,5.859375,6.09375,17.0,0.5119165125340156
0,23750.40625,98437.5,87500.0,240625.0,0.002171875,0.0193749999999999,5.078125,7.03125,18.0,0.4734415212362992
0,38750.03125,98437.5,87500.0,240625.0,0.002171875,0.0193749999999999,5.078125,7.03125,19.0,0.4568351717119481
0,23750.40625,82812.5,87500.0,240625.0,0.002171875,0.0193749999999999,5.078125,7.03125,20.0,0.4576320133601841
0,18750.53125,57812.5,17500.0,465625.0,0.001984375,0.029375,5.859375,6.09375,21.0,0.47506286257546476
0,18750.53125,57812.5,17500.0,465625.0,0.001984375,0.023125,6.328125,6.09375,22.0,0.4864952914086981
0,18750.53125,57812.5,17500.0,465625.0,0.001984375,0.023125,5.859375,8.53125,23.0,0.4901344062916627
0,18750.53125,57812.5,17500.0,465625.0,0.001984375,0.023125,5.859375,6.09375,24.0,0.45757359332778386
0,23750.40625,98437.5,87500.0,240625.0,0.002171875,0.0193749999999999,5.078125,7.03125,25.0,0.47622987862589045
0,38750.03125,98437.5,87500.0,240625.0,0.002171875,0.0193749999999999,5.078125,7.03125,26.0,0.45371037950032855
0,23750.40625,82812.5,87500.0,240625.0,0.002171875,0.0193749999999999,5.078125,7.03125,27.0,0.47929603593016656
0,18750.53125,57812.5,17500.0,465625.0,0.001984375,0.029375,5.859375,6.09375,28.0,0.48223838313607215
0,18750.53125,57812.5,17500.0,465625.0,0.001984375,0.023125,6.328125,6.09375,29.0,0.49153394455042965
0,18750.53125,57812.5,17500.0,465625.0,0.001984375,0.023125,5.859375,8.53125,30.0,0.4853053204776093
0,18750.53125,57812.5,17500.0,465625.0,0.001984375,0.023125,5.859375,6.09375,31.0,0.4736945498391697
0,23750.40625,98437.5,87500.0,240625.0,0.002171875,0.0193749999999999,5.078125,7.03125,32.0,0.46735545721567046
0,38750.03125,98437.5,87500.0,240625.0,0.002171875,0.0193749999999999,5.078125,7.03125,33.0,0.45473955796033966
0,23750.40625,82812.5,87500.0,240625.0,0.002171875,0.0193749999999999,5.078125,7.03125,34.0,0.4539245344707994
0,18750.53125,57812.5,17500.0,465625.0,0.001984375,0.029375,5.859375,6.09375,35.0,0.4679450930646189
0,18750.53125,57812.5,17500.0,465625.0,0.001984375,0.023125,6.328125,6.09375,36.0,0.4537780117469975
0,18750.53125,57812.5,17500.0,465625.0,0.001984375,0.023125,5.859375,8.53125,37.0,0.49064898446089367
0,18750.53125,57812.5,17500.0,465625.0,0.001984375,0.023125,5.859375,6.09375,38.0,0.47780828195209973
0,23750.40625,98437.5,87500.0,240625.0,0.002171875,0.0193749999999999,5.078125,7.03125,39.0,0.4659029094830264
0,38750.03125,98437.5,87500.0,240625.0,0.002171875,0.0193749999999999,5.078125,7.03125,40.0,0.43458929867186813
0,23750.40625,82812.5,87500.0,240625.0,0.002171875,0.0193749999999999,5.078125,7.03125,41.0,0.4949254186131607
0,18750.53125,57812.5,17500.0,465625.0,0.001984375,0.029375,5.859375,6.09375,42.0,0.48383197201568157
0,18750.53125,57812.5,17500.0,465625.0,0.001984375,0.023125,6.328125,6.09375,43.0,0.47293682416423954
0,18750.53125,57812.5,17500.0,465625.0,0.001984375,0.023125,5.859375,8.53125,44.0,0.4673983950996743
0,18750.53125,57812.5,17500.0,465625.0,0.001984375,0.023125,5.859375,6.09375,45.0,0.491114658464173
0,23750.40625,98437.5,87500.0,240625.0,0.002171875,0.0193749999999999,5.078125,7.03125,46.0,0.4510222014125609
0,38750.03125,98437.5,87500.0,240625.0,0.002171875,0.0193749999999999,5.078125,7.03125,47.0,0.45386799948888157
0,23750.40625,82812.5,87500.0,240625.0,0.002171875,0.0193749999999999,5.078125,7.03125,48.0,0.4743871240454266
0,18750.53125,57812.5,17500.0,465625.0,0.001984375,0.029375,5.859375,6.09375,49.0,0.4914984797056182
0,18750.53125,57812.5,17500.0,465625.0,0.001984375,0.023125,6.328125,6.09375,50.0,0.4607763659432173
0,18750.53125,57812.5,17500.0,465625.0,0.001984375,0.023125,5.859375,8.53125,51.0,0.46834534509192133
0,18750.53125,57812.5,17500.0,465625.0,0.001984375,0.023125,5.859375,6.09375,52.0,0.4866066247383163
0,23750.40625,98437.5,87500.0,240625.0,0.002171875,0.0193749999999999,5.078125,7.03125,53.0,0.49648652026700174
0,38750.03125,98437.5,87500.0,240625.0,0.002171875,0.0193749999999999,5.078125,7.03125,54.0,0.4246340984273081
0,23750.40625,82812.5,87500.0,240625.0,0.002171875,0.0193749999999999,5.078125,7.03125,55.0,0.4622600306728514
0,18750.53125,57812.5,17500.0,465625.0,0.001984375,0.029375,5.859375,6.09375,56.0,0.46199724981845824
0,18750.53125,57812.5,17500.0,465625.0,0.001984375,0.023125,6.328125,6.09375,57.0,0.444918505831415
0,18750.53125,57812.5,17500.0,465625.0,0.001984375,0.023125,5.859375,8.53125,58.0,0.48432523554457363
0,18750.53125,57812.5,17500.0,465625.0,0.001984375,0.023125,5.859375,6.09375,59.0,0.48213336809592244
0,23750.40625,98437.5,87500.0,240625.0,0.002171875,0.0193749999999999,5.078125,7.03125,60.0,0.4504181783845005
0,38750.03125,98437.5,87500.0,240625.0,0.002171875,0.0193749999999999,5.078125,7.03125,61.0,0.4388041328976335
0,23750.40625,82812.5,87500.0,240625.0,0.002171875,0.0193749999999999,5.078125,7.03125,62.0,0.4927220936079632
0,18750.53125,57812.5,17500.0,465625.0,0.001984375,0.029375,5.859375,6.09375,63.0,0.4553662398661671
0,18750.53125,57812.5,17500.0,465625.0,0.001984375,0.023125,6.328125,6.09375,64.0,0.46308829481348557
0,18750.53125,57812.5,17500.0,465625.0,0.001984375,0.023125,5.859375,8.53125,65.0,0.4663434023143387
0,18750.53125,57812.5,17500.0,465625.0,0.001984375,0.023125,5.859375,6.09375,66.0,0.47607490952348
0,23750.40625,98437.5,87500.0,240625.0,0.002171875,0.0193749999999999,5.078125,7.03125,67.0,0.4492633468620827
0,38750.03125,98437.5,87500.0,240625.0,0.002171875,0.0193749999999999,5.078125,7.03125,68.0,0.43635590611904057
0,23750.40625,82812.5,87500.0,240625.0,0.002171875,0.0193749999999999,5.078125,7.03125,69.0,0.4600688886588001
0,18750.53125,57812.5,17500.0,465625.0,0.001984375,0.029375,5.859375,6.09375,70.0,0.45356669710332165
0,18750.53125,57812.5,17500.0,465625.0,0.001984375,0.023125,6.328125,6.09375,71.0,0.4640248398985769
0,18750.53125,57812.5,17500.0,465625.0,0.001984375,0.023125,5.859375,8.53125,72.0,0.4690267137623393
0,18750.53125,57812.5,17500.0,465625.0,0.001984375,0.023125,5.859375,6.09375,73.0,0.47648896446953765
0,23750.40625,98437.5,87500.0,240625.0,0.002171875,0.0193749999999999,5.078125,7.03125,74.0,0.48784152601413033
0,38750.03125,98437.5,87500.0,240625.0,0.002171875,0.0193749999999999,5.078125,7.03125,75.0,0.4618069955161355
0,23750.40625,82812.5,87500.0,240625.0,0.002171875,0.0193749999999999,5.078125,7.03125,76.0,0.47465481389310493
0,18750.53125,57812.5,17500.0,465625.0,0.001984375,0.029375,5.859375,6.09375,77.0,0.5049718742906978
0,18750.53125,57812.5,17500.0,465625.0,0.001984375,0.023125,6.328125,6.09375,78.0,0.44761350960150204
0,18750.53125,57812.5,17500.0,465625.0,0.001984375,0.023125,5.859375,8.53125,79.0,0.4781137193462045
0,18750.53125,57812.5,17500.0,465625.0,0.001984375,0.023125,5.859375,6.09375,80.0,0.47479472020369096
0,23750.40625,98437.5,87500.0,240625.0,0.002171875,0.0193749999999999,5.078125,7.03125,81.0,0.43925049366040103
0,38750.03125,98437.5,87500.0,240625.0,0.002171875,0.0193749999999999,5.078125,7.03125,82.0,0.42979149006235334
0,23750.40625,82812.5,87500.0,240625.0,0.002171875,0.0193749999999999,5.078125,7.03125,83.0,0.46622609126306874
0,18750.53125,57812.5,17500.0,465625.0,0.001984375,0.029375,5.859375,6.09375,84.0,0.46918504714265413
0,18750.53125,57812.5,17500.0,465625.0,0.001984375,0.023125,6.328125,6.09375,85.0,0.4685734554072728
0,18750.53125,57812.5,17500.0,465625.0,0.001984375,0.023125,5.859375,8.53125,86.0,0.47551596067335633
0,18750.53125,57812.5,17500.0,465625.0,0.001984375,0.023125,5.859375,6.09375,87.0,0.47533033427627935
0,23750.40625,98437.5,87500.0,240625.0,0.002171875,0.0193749999999999,5.078125,7.03125,88.0,0.4375460025714935
0,38750.03125,98437.5,87500.0,240625.0,0.002171875,0.0193749999999999,5.078125,7.03125,89.0,0.43667719038517844
0,23750.40625,82812.5,87500.0,240625.0,0.002171875,0.0193749999999999,5.078125,7.03125,90.0,0.48204251777097834
0,18750.53125,57812.5,17500.0,465625.0,0.001984375,0.029375,5.859375,6.09375,91.0,0.46274953807038954
0,18750.53125,57812.5,17500.0,465625.0,0.001984375,0.023125,6.328125,6.09375,92.0,0.47268057772078004
0,18750.53125,57812.5,17500.0,465625.0,0.001984375,0.023125,5.859375,8.53125,93.0,0.46429465121565827
0,18750.53125,57812.5,17500.0,465625.0,0.001984375,0.023125,5.859375,6.09375,94.0,0.45656259011466466
0,23750.40625,98437.5,87500.0,240625.0,0.002171875,0.0193749999999999,5.078125,7.03125,95.0,0.44152919601370877
0,38750.03125,98437.5,87500.0,240625.0,0.002171875,0.0193749999999999,5.078125,7.03125,96.0,0.4547040843936307
0,23750.40625,82812.5,87500.0,240625.0,0.002171875,0.0193749999999999,5.078125,7.03125,97.0,0.44546846163978715
0,18750.53125,57812.5,17500.0,465625.0,0.001984375,0.029375,5.859375,6.09375,98.0,0.4729576023629631
0,18750.53125,57812.5,17500.0,465625.0,0.001984375,0.023125,6.328125,6.09375,99.0,0.45704431367860987
0,18750.53125,57812.5,17500.0,465625.0,0.001984375,0.023125,5.859375,8.53125,100.0,0.47633326247093766
0,18750.53125,57812.5,17500.0,465625.0,0.001984375,0.023125,5.859375,6.09375,101.0,0.4598291174120076
0,23750.40625,98437.5,87500.0,240625.0,0.002171875,0.0193749999999999,5.078125,7.03125,102.0,0.46805526787505336
0,38750.03125,98437.5,87500.0,240625.0,0.002171875,0.0193749999999999,5.078125,7.03125,103.0,0.427731525020737
0,23750.40625,82812.5,87500.0,240625.0,0.002171875,0.0193749999999999,5.078125,7.03125,104.0,0.48844887490258054
0,18750.53125,57812.5,17500.0,465625.0,0.001984375,0.029375,5.859375,6.09375,105.0,0.4681151503269894
0,18750.53125,57812.5,17500.0,465625.0,0.001984375,0.023125,6.328125,6.09375,106.0,0.49273624095682067
0,18750.53125,57812.5,17500.0,465625.0,0.001984375,0.023125,5.859375,8.53125,107.0,0.4726922243696513
0,18750.53125,57812.5,17500.0,465625.0,0.001984375,0.023125,5.859375,6.09375,108.0,0.4706338860272941
0,23750.40625,98437.5,87500.0,240625.0,0.002171875,0.0193749999999999,5.078125,7.03125,109.0,0.45466197151440674
0,38750.03125,98437.5,87500.0,240625.0,0.002171875,0.0193749999999999,5.078125,7.03125,110.0,0.43428582781301395
0,23750.40625,82812.5,87500.0,240625.0,0.002171875,0.0193749999999999,5.078125,7.03125,111.0,0.4612078618837158
0,18750.53125,57812.5,17500.0,465625.0,0.001984375,0.029375,5.859375,6.09375,112.0,0.4885828066667962
0,18750.53125,57812.5,17500.0,465625.0,0.001984375,0.023125,6.328125,6.09375,113.0,0.4884174114483111
0,18750.53125,57812.5,17500.0,465625.0,0.001984375,0.023125,5.859375,8.53125,114.0,0.5007700781969175
0,18750.53125,57812.5,17500.0,465625.0,0.001984375,0.023125,5.859375,6.09375,115.0,0.4677802628075744
0,23750.40625,98437.5,87500.0,240625.0,0.002171875,0.0193749999999999,5.078125,7.03125,116.0,0.4849419083663361
0,38750.03125,98437.5,87500.0,240625.0,0.002171875,0.0193749999999999,5.078125,7.03125,117.0,0.44002517464226815
0,23750.40625,82812.5,87500.0,240625.0,0.002171875,0.0193749999999999,5.078125,7.03125,118.0,0.4829775632943098
0,18750.53125,57812.5,17500.0,465625.0,0.001984375,0.029375,5.859375,6.09375,119.0,0.47213014947398496
0,18750.53125,57812.5,17500.0,465625.0,0.001984375,0.023125,6.328125,6.09375,120.0,0.47466667488562275
0,18750.53125,57812.5,17500.0,465625.0,0.001984375,0.023125,5.859375,8.53125,121.0,0.4959637323865127
0,18750.53125,57812.5,17500.0,465625.0,0.001984375,0.023125,5.859375,6.09375,122.0,0.448686573253717
0,23750.40625,98437.5,87500.0,240625.0,0.002171875,0.0193749999999999,5.078125,7.03125,123.0,0.4339306799099304
0,38750.03125,98437.5,87500.0,240625.0,0.002171875,0.0193749999999999,5.078125,7.03125,124.0,0.4736594118763283
0,23750.40625,82812.5,87500.0,240625.0,0.002171875,0.0193749999999999,5.078125,7.03125,125.0,0.4678934485144121
0,18750.53125,57812.5,17500.0,465625.0,0.001984375,0.029375,5.859375,6.09375,126.0,0.4912409172781023
0,18750.53125,57812.5,17500.0,465625.0,0.001984375,0.023125,6.328125,6.09375,127.0,0.4820479051282481
0,18750.53125,57812.5,17500.0,465625.0,0.001984375,0.023125,5.859375,8.53125,128.0,0.4895454769715848
0,18750.53125,57812.5,17500.0,465625.0,0.001984375,0.023125,5.859375,6.09375,129.0,0.48332997514880177
0,23750.40625,98437.5,87500.0,240625.0,0.002171875,0.0193749999999999,5.078125,7.03125,130.0,0.43295592095086205
0,38750.03125,98437.5,87500.0,240625.0,0.002171875,0.0193749999999999,5.078125,7.03125,131.0,0.4585806677398087
0,23750.40625,82812.5,87500.0,240625.0,0.002171875,0.0193749999999999,5.078125,7.03125,132.0,0.47360253644457656
0,18750.53125,57812.5,17500.0,465625.0,0.001984375,0.029375,5.859375,6.09375,133.0,0.46636991920563226
0,18750.53125,57812.5,17500.0,465625.0,0.001984375,0.023125,6.328125,6.09375,134.0,0.4745001511901519
0,18750.53125,57812.5,17500.0,465625.0,0.001984375,0.023125,5.859375,8.53125,135.0,0.4729514921286975
0,18750.53125,57812.5,17500.0,465625.0,0.001984375,0.023125,5.859375,6.09375,136.0,0.47270850680400567
0,23750.40625,98437.5,87500.0,240625.0,0.002171875,0.0193749999999999,5.078125,7.03125,137.0,0.4658092877535402
0,38750.03125,98437.5,87500.0,240625.0,0.002171875,0.0193749999999999,5.078125,7.03125,138.0,0.4695707553465118
0,23750.40625,82812.5,87500.0,240625.0,0.002171875,0.0193749999999999,5.078125,7.03125,139.0,0.4693852459790834
0,18750.53125,57812.5,17500.0,465625.0,0.001984375,0.029375,5.859375,6.09375,140.0,0.48171958482286487
0,18750.53125,57812.5,17500.0,465625.0,0.001984375,0.023125,6.328125,6.09375,141.0,0.4834565066605498
0,18750.53125,57812.5,17500.0,465625.0,0.001984375,0.023125,5.859375,8.53125,142.0,0.5011513404836123
0,18750.53125,57812.5,17500.0,465625.0,0.001984375,0.023125,5.859375,6.09375,143.0,0.4839122248662989
0,23750.40625,98437.5,87500.0,240625.0,0.002171875,0.0193749999999999,5.078125,7.03125,144.0,0.45254540104508634
0,38750.03125,98437.5,87500.0,240625.0,0.002171875,0.0193749999999999,5.078125,7.03125,145.0,0.4625835749447908
0,23750.40625,82812.5,87500.0,240625.0,0.002171875,0.0193749999999999,5.078125,7.03125,146.0,0.4623472020158902
0,18750.53125,57812.5,17500.0,465625.0,0.001984375,0.029375,5.859375,6.09375,147.0,0.4870146172915935
0,18750.53125,57812.5,17500.0,465625.0,0.001984375,0.023125,6.328125,6.09375,148.0,0.468715664559686
0,18750.53125,57812.5,17500.0,465625.0,0.001984375,0.023125,5.859375,8.53125,149.0,0.4932104545334267
0,18750.53125,57812.5,17500.0,465625.0,0.001984375,0.023125,5.859375,6.09375,150.0,0.48041143006874354
0,23750.40625,98437.5,87500.0,240625.0,0.002171875,0.0193749999999999,5.078125,7.03125,151.0,0.4577752672581686
0,38750.03125,98437.5,87500.0,240625.0,0.002171875,0.0193749999999999,5.078125,7.03125,152.0,0.45625715322996313
0,23750.40625,82812.5,87500.0,240625.0,0.002171875,0.0193749999999999,5.078125,7.03125,153.0,0.4765915866444664
0,18750.53125,57812.5,17500.0,465625.0,0.001984375,0.029375,5.859375,6.09375,154.0,0.503073027274676
0,18750.53125,57812.5,17500.0,465625.0,0.001984375,0.023125,6.328125,6.09375,155.0,0.48234590121005555
0,18750.53125,57812.5,17500.0,465625.0,0.001984375,0.023125,5.859375,8.53125,156.0,0.4821191565372508
0,18750.53125,57812.5,17500.0,465625.0,0.001984375,0.023125,5.859375,6.09375,157.0,0.4779571249378512
0,23750.40625,98437.5,87500.0,240625.0,0.002171875,0.0193749999999999,5.078125,7.03125,158.0,0.4788877780502503
0,38750.03125,98437.5,87500.0,240625.0,0.002171875,0.0193749999999999,5.078125,7.03125,159.0,0.4584373750067404
0,23750.40625,82812.5,87500.0,240625.0,0.002171875,0.0193749999999999,5.078125,7.03125,160.0,0.47351368140672917
0,18750.53125,57812.5,17500.0,465625.0,0.001984375,0.029375,5.859375,6.09375,161.0,0.5009869955390633
0,18750.53125,57812.5,17500.0,465625.0,0.001984375,0.023125,6.328125,6.09375,162.0,0.4641842101188765
0,18750.53125,57812.5,17500.0,465625.0,0.001984375,0.023125,5.859375,8.53125,163.0,0.47940930483109645
0,18750.53125,57812.5,17500.0,465625.0,0.001984375,0.023125,5.859375,6.09375,164.0,0.4607125167001309
0,23750.40625,98437.5,87500.0,240625.0,0.002171875,0.0193749999999999,5.078125,7.03125,165.0,0.4822480548305865
0,38750.03125,98437.5,87500.0,240625.0,0.002171875,0.0193749999999999,5.078125,7.03125,166.0,0.4305470355160505
0,23750.40625,82812.5,87500.0,240625.0,0.002171875,0.0193749999999999,5.078125,7.03125,167.0,0.4840716029910285
0,18750.53125,57812.5,17500.0,465625.0,0.001984375,0.029375,5.859375,6.09375,168.0,0.5013011768092883
0,18750.53125,57812.5,17500.0,465625.0,0.001984375,0.023125,6.328125,6.09375,169.0,0.49319178801327057
0,18750.53125,57812.5,17500.0,465625.0,0.001984375,0.023125,5.859375,8.53125,170.0,0.4647342748025219
0,18750.53125,57812.5,17500.0,465625.0,0.001984375,0.023125,5.859375,6.09375,171.0,0.47838986429681873
0,23750.40625,98437.5,87500.0,240625.0,0.002171875,0.0193749999999999,5.078125,7.03125,172.0,0.46119637907447786
0,38750.03125,98437.5,87500.0,240625.0,0.002171875,0.0193749999999999,5.078125,7.03125,173.0,0.44536506240795176
0,23750.40625,82812.5,87500.0,240625.0,0.002171875,0.0193749999999999,5.078125,7.03125,174.0,0.45956614379438104
0,18750.53125,57812.5,17500.0,465625.0,0.001984375,0.029375,5.859375,6.09375,175.0,0.4865046187377588
0,18750.53125,57812.5,17500.0,465625.0,0.001984375,0.023125,6.328125,6.09375,176.0,0.45596873644897945
0,18750.53125,57812.5,17500.0,465625.0,0.001984375,0.023125,5.859375,8.53125,177.0,0.4795086812620028
0,18750.53125,57812.5,17500.0,465625.0,0.001984375,0.023125,5.859375,6.09375,178.0,0.487122332573857
0,23750.40625,98437.5,87500.0,240625.0,0.002171875,0.0193749999999999,5.078125,7.03125,179.0,0.4430610629000046
0,38750.03125,98437.5,87500.0,240625.0,0.002171875,0.0193749999999999,5.078125,7.03125,180.0,0.4474136479933152
0,23750.40625,82812.5,87500.0,240625.0,0.002171875,0.0193749999999999,5.078125,7.03125,181.0,0.47250051401614585
0,18750.53125,57812.5,17500.0,465625.0,0.001984375,0.029375,5.859375,6.09375,182.0,0.480063288755978
0,18750.53125,57812.5,17500.0,465625.0,0.001984375,0.023125,6.328125,6.09375,183.0,0.4861157832286957
0,18750.53125,57812.5,17500.0,465625.0,0.001984375,0.023125,5.859375,8.53125,184.0,0.49375453007472037
0,18750.53125,57812.5,17500.0,465625.0,0.001984375,0.023125,5.859375,6.09375,185.0,0.5113038239283225
0,23750.40625,98437.5,87500.0,240625.0,0.002171875,0.0193749999999999,5.078125,7.03125,186.0,0.4468288275379173
0,38750.03125,98437.5,87500.0,240625.0,0.002171875,0.0193749999999999,5.078125,7.03125,187.0,0.4483977212859075
0,23750.40625,82812.5,87500.0,240625.0,0.002171875,0.0193749999999999,5.078125,7.03125,188.0,0.46595703920921167
0,18750.53125,57812.5,17500.0,465625.0,0.001984375,0.029375,5.859375,6.09375,189.0,0.47230947467950557
0,18750.53125,57812.5,17500.0,465625.0,0.001984375,0.023125,6.328125,6.09375,190.0,0.4935913947991973
0,18750.53125,57812.5,17500.0,465625.0,0.001984375,0.023125,5.859375,8.53125,191.0,0.48608536749022063
0,18750.53125,57812.5,17500.0,465625.0,0.001984375,0.023125,5.859375,6.09375,192.0,0.4920461868948633
0,23750.40625,98437.5,87500.0,240625.0,0.002171875,0.0193749999999999,5.078125,7.03125,193.0,0.484746981103569
0,38750.03125,98437.5,87500.0,240625.0,0.002171875,0.0193749999999999,5.078125,7.03125,194.0,0.46497355604702173
0,23750.40625,82812.5,87500.0,240625.0,0.002171875,0.0193749999999999,5.078125,7.03125,195.0,0.4336403087283694
0,18750.53125,57812.5,17500.0,465625.0,0.001984375,0.029375,5.859375,6.09375,196.0,0.4588198524076955
0,18750.53125,57812.5,17500.0,465625.0,0.001984375,0.023125,6.328125,6.09375,197.0,0.4705247491450755
0,18750.53125,57812.5,17500.0,465625.0,0.001984375,0.023125,5.859375,8.53125,198.0,0.49072471673260964
0,18750.53125,57812.5,17500.0,465625.0,0.001984375,0.023125,5.859375,6.09375,199.0,0.48891656477926937
0,23750.40625,98437.5,87500.0,240625.0,0.002171875,0.0193749999999999,5.078125,7.03125,200.0,0.4678162135116535
0,38750.03125,98437.5,87500.0,240625.0,0.002171875,0.0193749999999999,5.078125,7.03125,201.0,0.4393497689036693
0,23750.40625,82812.5,87500.0,240625.0,0.002171875,0.0193749999999999,5.078125,7.03125,202.0,0.48657530175025104
0,18750.53125,57812.5,17500.0,465625.0,0.001984375,0.029375,5.859375,6.09375,203.0,0.4748647824321545
0,18750.53125,57812.5,17500.0,465625.0,0.001984375,0.023125,6.328125,6.09375,204.0,0.44901520016399754
0,18750.53125,57812.5,17500.0,465625.0,0.001984375,0.023125,5.859375,8.53125,205.0,0.47663336824201646
0,18750.53125,57812.5,17500.0,465625.0,0.001984375,0.023125,5.859375,6.09375,206.0,0.4808485640742966
0,23750.40625,98437.5,87500.0,240625.0,0.002171875,0.0193749999999999,5.078125,7.03125,207.0,0.46506467106145166
0,38750.03125,98437.5,87500.0,240625.0,0.002171875,0.0193749999999999,5.078125,7.03125,208.0,0.4600558449934348
0,23750.40625,82812.5,87500.0,240625.0,0.002171875,0.0193749999999999,5.078125,7.03125,209.0,0.4642017269404561
