,savings_lower,savings_upper,price_lower,price_upper,payoff_perc_freehold,inflation,chi_parameter,bank_income_multiplier,Run,Gini
0,23750.40625,98437.5,57500.0,240625.0,0.002171875,0.0193749999999999,5.078125,7.03125,0.0,0.47295838862675843
0,23750.40625,98437.5,87500.0,915625.0,0.002171875,0.0193749999999999,5.078125,7.03125,1.0,0.4509493075448689
0,23750.40625,98437.5,87500.0,240625.0,0.001234375,0.0193749999999999,5.078125,7.03125,2.0,0.45718199140852667
0,23750.40625,98437.5,87500.0,240625.0,0.002171875,0.013125,5.078125,7.03125,3.0,0.442720943079229
0,23750.40625,98437.5,87500.0,240625.0,0.002171875,0.0193749999999999,7.109375,7.03125,4.0,0.4324286694799633
0,23750.40625,98437.5,87500.0,240625.0,0.002171875,0.0193749999999999,5.078125,7.59375,5.0,0.43625837668065454
0,23750.40625,82812.5,57500.0,915625.0,0.001234375,0.013125,7.109375,7.59375,6.0,0.45280365839769904
0,23750.40625,98437.5,57500.0,240625.0,0.002171875,0.0193749999999999,5.078125,7.03125,7.0,0.46606669590665656
0,23750.40625,98437.5,87500.0,915625.0,0.002171875,0.0193749999999999,5.078125,7.03125,8.0,0.4502787268872786
0,23750.40625,98437.5,87500.0,240625.0,0.001234375,0.0193749999999999,5.078125,7.03125,9.0,0.4562051163040537
0,23750.40625,98437.5,87500.0,240625.0,0.002171875,0.013125,5.078125,7.03125,10.0,0.4558965283608388
0,23750.40625,98437.5,87500.0,240625.0,0.002171875,0.0193749999999999,7.109375,7.03125,11.0,0.42541658652762004
0,23750.40625,98437.5,87500.0,240625.0,0.002171875,0.0193749999999999,5.078125,7.59375,12.0,0.4519954834649043
0,23750.40625,82812.5,57500.0,915625.0,0.001234375,0.013125,7.109375,7.59375,13.0,0.43676000431847123
0,23750.40625,98437.5,57500.0,240625.0,0.002171875,0.0193749999999999,5.078125,7.03125,14.0,0.4571819840944912
0,23750.40625,98437.5,87500.0,915625.0,0.002171875,0.0193749999999999,5.078125,7.03125,15.0,0.44568592913020305
0,23750.40625,98437.5,87500.0,240625.0,0.001234375,0.0193749999999999,5.078125,7.03125,16.0,0.4730393081629896
0,23750.40625,98437.5,87500.0,240625.0,0.002171875,0.013125,5.078125,7.03125,17.0,0.4514491958638497
0,23750.40625,98437.5,87500.0,240625.0,0.002171875,0.0193749999999999,7.109375,7.03125,18.0,0.4450837855417079
0,23750.40625,98437.5,87500.0,240625.0,0.002171875,0.0193749999999999,5.078125,7.59375,19.0,0.4656787175636501
0,23750.40625,82812.5,57500.0,915625.0,0.001234375,0.013125,7.109375,7.59375,20.0,0.45458369559643774
0,23750.40625,98437.5,57500.0,240625.0,0.002171875,0.0193749999999999,5.078125,7.03125,21.0,0.4487604070518447
0,23750.40625,98437.5,87500.0,915625.0,0.002171875,0.0193749999999999,5.078125,7.03125,22.0,0.46317335572665447
0,23750.40625,98437.5,87500.0,240625.0,0.001234375,0.0193749999999999,5.078125,7.03125,23.0,0.46713307888415184
0,23750.40625,98437.5,87500.0,240625.0,0.002171875,0.013125,5.078125,7.03125,24.0,0.4587978517903502
0,23750.40625,98437.5,87500.0,240625.0,0.002171875,0.0193749999999999,7.109375,7.03125,25.0,0.43612568110177496
0,23750.40625,98437.5,87500.0,240625.0,0.002171875,0.0193749999999999,5.078125,7.59375,26.0,0.46317511862761673
0,23750.40625,82812.5,57500.0,915625.0,0.001234375,0.013125,7.109375,7.59375,27.0,0.4457171951079975
0,23750.40625,98437.5,57500.0,240625.0,0.002171875,0.0193749999999999,5.078125,7.03125,28.0,0.44778075185147015
0,23750.40625,98437.5,87500.0,915625.0,0.002171875,0.0193749999999999,5.078125,7.03125,29.0,0.45855758051799483
0,23750.40625,98437.5,87500.0,240625.0,0.001234375,0.0193749999999999,5.078125,7.03125,30.0,0.43682066386681456
0,23750.40625,98437.5,87500.0,240625.0,0.002171875,0.013125,5.078125,7.03125,31.0,0.46039111977962066
0,23750.40625,98437.5,87500.0,240625.0,0.002171875,0.0193749999999999,7.109375,7.03125,32.0,0.43967417010397053
0,23750.40625,98437.5,87500.0,240625.0,0.002171875,0.0193749999999999,5.078125,7.59375,33.0,0.4353451647962154
0,23750.40625,82812.5,57500.0,915625.0,0.001234375,0.013125,7.109375,7.59375,34.0,0.4475697012100931
0,23750.40625,98437.5,57500.0,240625.0,0.002171875,0.0193749999999999,5.078125,7.03125,35.0,0.4413299249352114
0,23750.40625,98437.5,87500.0,915625.0,0.002171875,0.0193749999999999,5.078125,7.03125,36.0,0.4632963503308705
0,23750.40625,98437.5,87500.0,240625.0,0.001234375,0.0193749999999999,5.078125,7.03125,37.0,0.44312450135230697
0,23750.40625,98437.5,87500.0,240625.0,0.002171875,0.013125,5.078125,7.03125,38.0,0.467535508334663
0,23750.40625,98437.5,87500.0,240625.0,0.002171875,0.0193749999999999,7.109375,7.03125,39.0,0.4335021269781738
0,23750.40625,98437.5,87500.0,240625.0,0.002171875,0.0193749999999999,5.078125,7.59375,40.0,0.4512081746459035
0,23750.40625,82812.5,57500.0,915625.0,0.001234375,0.013125,7.109375,7.59375,41.0,0.4492928358883199
0,23750.40625,98437.5,57500.0,240625.0,0.002171875,0.0193749999999999,5.078125,7.03125,42.0,0.43275226748028234
0,23750.40625,98437.5,87500.0,915625.0,0.002171875,0.0193749999999999,5.078125,7.03125,43.0,0.46193742695434953
0,23750.40625,98437.5,87500.0,240625.0,0.001234375,0.0193749999999999,5.078125,7.03125,44.0,0.4491750589844185
0,23750.40625,98437.5,87500.0,240625.0,0.002171875,0.013125,5.078125,7.03125,45.0,0.47948587918055624
0,23750.40625,98437.5,87500.0,240625.0,0.002171875,0.0193749999999999,7.109375,7.03125,46.0,0.45439882498170353
0,23750.40625,98437.5,87500.0,240625.0,0.002171875,0.0193749999999999,5.078125,7.59375,47.0,0.4520743474505533
0,23750.40625,82812.5,57500.0,915625.0,0.001234375,0.013125,7.109375,7.59375,48.0,0.44489661185083745
0,23750.40625,98437.5,57500.0,240625.0,0.002171875,0.0193749999999999,5.078125,7.03125,49.0,0.4435039516804633
0,23750.40625,98437.5,87500.0,915625.0,0.002171875,0.0193749999999999,5.078125,7.03125,50.0,0.4624095138194946
0,23750.40625,98437.5,87500.0,240625.0,0.001234375,0.0193749999999999,5.078125,7.03125,51.0,0.4704001547671769
0,23750.40625,98437.5,87500.0,240625.0,0.002171875,0.013125,5.078125,7.03125,52.0,0.451744371126429
0,23750.40625,98437.5,87500.0,240625.0,0.002171875,0.0193749999999999,7.109375,7.03125,53.0,0.4341951483173912
0,23750.40625,98437.5,87500.0,240625.0,0.002171875,0.0193749999999999,5.078125,7.59375,54.0,0.4632627106358847
0,23750.40625,82812.5,57500.0,915625.0,0.001234375,0.013125,7.109375,7.59375,55.0,0.44713912214905627
0,23750.40625,98437.5,57500.0,240625.0,0.002171875,0.0193749999999999,5.078125,7.03125,56.0,0.4595648614921482
0,23750.40625,98437.5,87500.0,915625.0,0.002171875,0.0193749999999999,5.078125,7.03125,57.0,0.4599397735024757
0,23750.40625,98437.5,87500.0,240625.0,0.001234375,0.0193749999999999,5.078125,7.03125,58.0,0.45714363442186673
0,23750.40625,98437.5,87500.0,240625.0,0.002171875,0.013125,5.078125,7.03125,59.0,0.44151017987893704
0,23750.40625,98437.5,87500.0,240625.0,0.002171875,0.0193749999999999,7.109375,7.03125,60.0,0.4250397092733463
0,23750.40625,98437.5,87500.0,240625.0,0.002171875,0.0193749999999999,5.078125,7.59375,61.0,0.47269132545190956
0,23750.40625,82812.5,57500.0,915625.0,0.001234375,0.013125,7.109375,7.59375,62.0,0.424856305012742
0,23750.40625,98437.5,57500.0,240625.0,0.002171875,0.0193749999999999,5.078125,7.03125,63.0,0.46994881101496677
0,23750.40625,98437.5,87500.0,915625.0,0.002171875,0.0193749999999999,5.078125,7.03125,64.0,0.4543746549352803
0,23750.40625,98437.5,87500.0,240625.0,0.001234375,0.0193749999999999,5.078125,7.03125,65.0,0.45322271568885536
0,23750.40625,98437.5,87500.0,240625.0,0.002171875,0.013125,5.078125,7.03125,66.0,0.444803503091528
0,23750.40625,98437.5,87500.0,240625.0,0.002171875,0.0193749999999999,7.109375,7.03125,67.0,0.4177398138871177
0,23750.40625,98437.5,87500.0,240625.0,0.002171875,0.0193749999999999,5.078125,7.59375,68.0,0.4643442714856822
0,23750.40625,82812.5,57500.0,915625.0,0.001234375,0.013125,7.109375,7.59375,69.0,0.4278170477271198
0,23750.40625,98437.5,57500.0,240625.0,0.002171875,0.0193749999999999,5.078125,7.03125,70.0,0.4468424154546203
0,23750.40625,98437.5,87500.0,915625.0,0.002171875,0.0193749999999999,5.078125,7.03125,71.0,0.4362185363525416
0,23750.40625,98437.5,87500.0,240625.0,0.001234375,0.0193749999999999,5.078125,7.03125,72.0,0.4700529468898857
0,23750.40625,98437.5,87500.0,240625.0,0.002171875,0.013125,5.078125,7.03125,73.0,0.45954818273704784
0,23750.40625,98437.5,87500.0,240625.0,0.002171875,0.0193749999999999,7.109375,7.03125,74.0,0.43011017130681023
0,23750.40625,98437.5,87500.0,240625.0,0.002171875,0.0193749999999999,5.078125,7.59375,75.0,0.4533384750907485
0,23750.40625,82812.5,57500.0,915625.0,0.001234375,0.013125,7.109375,7.59375,76.0,0.4359755904434764
0,23750.40625,98437.5,57500.0,240625.0,0.002171875,0.0193749999999999,5.078125,7.03125,77.0,0.4654943982553441
0,23750.40625,98437.5,87500.0,915625.0,0.002171875,0.0193749999999999,5.078125,7.03125,78.0,0.45788711315687564
0,23750.40625,98437.5,87500.0,240625.0,0.001234375,0.0193749999999999,5.078125,7.03125,79.0,0.4569814747535189
0,23750.40625,98437.5,87500.0,240625.0,0.002171875,0.013125,5.078125,7.03125,80.0,0.469867705832644
0,23750.40625,98437.5,87500.0,240625.0,0.002171875,0.0193749999999999,7.109375,7.03125,81.0,0.4346620436997486
0,23750.40625,98437.5,87500.0,240625.0,0.002171875,0.0193749999999999,5.078125,7.59375,82.0,0.4880355660965908
0,23750.40625,82812.5,57500.0,915625.0,0.001234375,0.013125,7.109375,7.59375,83.0,0.4331312322637982
0,23750.40625,98437.5,57500.0,240625.0,0.002171875,0.0193749999999999,5.078125,7.03125,84.0,0.4585929514483564
0,23750.40625,98437.5,87500.0,915625.0,0.002171875,0.0193749999999999,5.078125,7.03125,85.0,0.4717549738952052
0,23750.40625,98437.5,87500.0,240625.0,0.001234375,0.0193749999999999,5.078125,7.03125,86.0,0.4552865953177711
0,23750.40625,98437.5,87500.0,240625.0,0.002171875,0.013125,5.078125,7.03125,87.0,0.4696174306838985
0,23750.40625,98437.5,87500.0,240625.0,0.002171875,0.0193749999999999,7.109375,7.03125,88.0,0.4432998650014314
0,23750.40625,98437.5,87500.0,240625.0,0.002171875,0.0193749999999999,5.078125,7.59375,89.0,0.4741682163177609
0,23750.40625,82812.5,57500.0,915625.0,0.001234375,0.013125,7.109375,7.59375,90.0,0.44598459267666685
0,23750.40625,98437.5,57500.0,240625.0,0.002171875,0.0193749999999999,5.078125,7.03125,91.0,0.45289616765728263
0,23750.40625,98437.5,87500.0,915625.0,0.002171875,0.0193749999999999,5.078125,7.03125,92.0,0.4855405670974605
0,23750.40625,98437.5,87500.0,240625.0,0.001234375,0.0193749999999999,5.078125,7.03125,93.0,0.4642861076619167
0,23750.40625,98437.5,87500.0,240625.0,0.002171875,0.013125,5.078125,7.03125,94.0,0.4581476710637495
0,23750.40625,98437.5,87500.0,240625.0,0.002171875,0.0193749999999999,7.109375,7.03125,95.0,0.42498561514023453
0,23750.40625,98437.5,87500.0,240625.0,0.002171875,0.0193749999999999,5.078125,7.59375,96.0,0.4781390329730566
0,23750.40625,82812.5,57500.0,915625.0,0.001234375,0.013125,7.109375,7.59375,97.0,0.4259544789445633
0,23750.40625,98437.5,57500.0,240625.0,0.002171875,0.0193749999999999,5.078125,7.03125,98.0,0.4689811177715331
0,23750.40625,98437.5,87500.0,915625.0,0.002171875,0.0193749999999999,5.078125,7.03125,99.0,0.464947375366861
0,23750.40625,98437.5,87500.0,240625.0,0.001234375,0.0193749999999999,5.078125,7.03125,100.0,0.4535902836823813
0,23750.40625,98437.5,87500.0,240625.0,0.002171875,0.013125,5.078125,7.03125,101.0,0.46032502313005663
0,23750.40625,98437.5,87500.0,240625.0,0.002171875,0.0193749999999999,7.109375,7.03125,102.0,0.4603770481885533
0,23750.40625,98437.5,87500.0,240625.0,0.002171875,0.0193749999999999,5.078125,7.59375,103.0,0.4574589591307749
0,23750.40625,82812.5,57500.0,915625.0,0.001234375,0.013125,7.109375,7.59375,104.0,0.4322664238499815
0,23750.40625,98437.5,57500.0,240625.0,0.002171875,0.0193749999999999,5.078125,7.03125,105.0,0.472554065188286
0,23750.40625,98437.5,87500.0,915625.0,0.002171875,0.0193749999999999,5.078125,7.03125,106.0,0.47144325820819066
0,23750.40625,98437.5,87500.0,240625.0,0.001234375,0.0193749999999999,5.078125,7.03125,107.0,0.45580620669405525
0,23750.40625,98437.5,87500.0,240625.0,0.002171875,0.013125,5.078125,7.03125,108.0,0.4627635225363498
0,23750.40625,98437.5,87500.0,240625.0,0.002171875,0.0193749999999999,7.109375,7.03125,109.0,0.4375412825067146
0,23750.40625,98437.5,87500.0,240625.0,0.002171875,0.0193749999999999,5.078125,7.59375,110.0,0.46149884472181774
0,23750.40625,82812.5,57500.0,915625.0,0.001234375,0.013125,7.109375,7.59375,111.0,0.447796544994888
0,23750.40625,98437.5,57500.0,240625.0,0.002171875,0.0193749999999999,5.078125,7.03125,112.0,0.46373213317180306
0,23750.40625,98437.5,87500.0,915625.0,0.002171875,0.0193749999999999,5.078125,7.03125,113.0,0.48773059802786817
0,23750.40625,98437.5,87500.0,240625.0,0.001234375,0.0193749999999999,5.078125,7.03125,114.0,0.4734896293865273
0,23750.40625,98437.5,87500.0,240625.0,0.002171875,0.013125,5.078125,7.03125,115.0,0.47154726354846166
0,23750.40625,98437.5,87500.0,240625.0,0.002171875,0.0193749999999999,7.109375,7.03125,116.0,0.44568372037635406
0,23750.40625,98437.5,87500.0,240625.0,0.002171875,0.0193749999999999,5.078125,7.59375,117.0,0.4644119849023982
0,23750.40625,82812.5,57500.0,915625.0,0.001234375,0.013125,7.109375,7.59375,118.0,0.43981765129563344
0,23750.40625,98437.5,57500.0,240625.0,0.002171875,0.0193749999999999,5.078125,7.03125,119.0,0.4830508520913247
0,23750.40625,98437.5,87500.0,915625.0,0.002171875,0.0193749999999999,5.078125,7.03125,120.0,0.4779986153926358
0,23750.40625,98437.5,87500.0,240625.0,0.001234375,0.0193749999999999,5.078125,7.03125,121.0,0.44843909387903913
0,23750.40625,98437.5,87500.0,240625.0,0.002171875,0.013125,5.078125,7.03125,122.0,0.4474953417648878
0,23750.40625,98437.5,87500.0,240625.0,0.002171875,0.0193749999999999,7.109375,7.03125,123.0,0.4434995685995669
0,23750.40625,98437.5,87500.0,240625.0,0.002171875,0.0193749999999999,5.078125,7.59375,124.0,0.44076605281106995
0,23750.40625,82812.5,57500.0,915625.0,0.001234375,0.013125,7.109375,7.59375,125.0,0.44983200034622434
0,23750.40625,98437.5,57500.0,240625.0,0.002171875,0.0193749999999999,5.078125,7.03125,126.0,0.4669296885783556
0,23750.40625,98437.5,87500.0,915625.0,0.002171875,0.0193749999999999,5.078125,7.03125,127.0,0.45821428815418297
0,23750.40625,98437.5,87500.0,240625.0,0.001234375,0.0193749999999999,5.078125,7.03125,128.0,0.4548777690309693
0,23750.40625,98437.5,87500.0,240625.0,0.002171875,0.013125,5.078125,7.03125,129.0,0.4697444234650533
0,23750.40625,98437.5,87500.0,240625.0,0.002171875,0.0193749999999999,7.109375,7.03125,130.0,0.42792551483437197
0,23750.40625,98437.5,87500.0,240625.0,0.002171875,0.0193749999999999,5.078125,7.59375,131.0,0.43625536054107905
0,23750.40625,82812.5,57500.0,915625.0,0.001234375,0.013125,7.109375,7.59375,132.0,0.43884278862935433
0,23750.40625,98437.5,57500.0,240625.0,0.002171875,0.0193749999999999,5.078125,7.03125,133.0,0.46100497222079667
0,23750.40625,98437.5,87500.0,915625.0,0.002171875,0.0193749999999999,5.078125,7.03125,134.0,0.4523426990045184
0,23750.40625,98437.5,87500.0,240625.0,0.001234375,0.0193749999999999,5.078125,7.03125,135.0,0.4483263384657628
0,23750.40625,98437.5,87500.0,240625.0,0.002171875,0.013125,5.078125,7.03125,136.0,0.4612768660749188
0,23750.40625,98437.5,87500.0,240625.0,0.002171875,0.0193749999999999,7.109375,7.03125,137.0,0.43894381560691664
0,23750.40625,98437.5,87500.0,240625.0,0.002171875,0.0193749999999999,5.078125,7.59375,138.0,0.4733078097424433
0,23750.40625,82812.5,57500.0,915625.0,0.001234375,0.013125,7.109375,7.59375,139.0,0.4597519636651343
0,23750.40625,98437.5,57500.0,240625.0,0.002171875,0.0193749999999999,5.078125,7.03125,140.0,0.4239333786947059
0,23750.40625,98437.5,87500.0,915625.0,0.002171875,0.0193749999999999,5.078125,7.03125,141.0,0.4741039741930057
0,23750.40625,98437.5,87500.0,240625.0,0.001234375,0.0193749999999999,5.078125,7.03125,142.0,0.4652386823703745
0,23750.40625,98437.5,87500.0,240625.0,0.002171875,0.013125,5.078125,7.03125,143.0,0.4553449063128169
0,23750.40625,98437.5,87500.0,240625.0,0.002171875,0.0193749999999999,7.109375,7.03125,144.0,0.4226568144815915
0,23750.40625,98437.5,87500.0,240625.0,0.002171875,0.0193749999999999,5.078125,7.59375,145.0,0.4724887716822028
0,23750.40625,82812.5,57500.0,915625.0,0.001234375,0.013125,7.109375,7.59375,146.0,0.4363604151927514
0,23750.40625,98437.5,57500.0,240625.0,0.002171875,0.0193749999999999,5.078125,7.03125,147.0,0.45850731707718356
0,23750.40625,98437.5,87500.0,915625.0,0.002171875,0.0193749999999999,5.078125,7.03125,148.0,0.4657769728529807
0,23750.40625,98437.5,87500.0,240625.0,0.001234375,0.0193749999999999,5.078125,7.03125,149.0,0.44955334810839626
0,23750.40625,98437.5,87500.0,240625.0,0.002171875,0.013125,5.078125,7.03125,150.0,0.46395554442665415
0,23750.40625,98437.5,87500.0,240625.0,0.002171875,0.0193749999999999,7.109375,7.03125,151.0,0.4248529340526269
0,23750.40625,98437.5,87500.0,240625.0,0.002171875,0.0193749999999999,5.078125,7.59375,152.0,0.46423924757991936
0,23750.40625,82812.5,57500.0,915625.0,0.001234375,0.013125,7.109375,7.59375,153.0,0.464112531025622
0,23750.40625,98437.5,57500.0,240625.0,0.002171875,0.0193749999999999,5.078125,7.03125,154.0,0.48164016141642346
0,23750.40625,98437.5,87500.0,915625.0,0.002171875,0.0193749999999999,5.078125,7.03125,155.0,0.4715489441725637
0,23750.40625,98437.5,87500.0,240625.0,0.001234375,0.0193749999999999,5.078125,7.03125,156.0,0.44867274846045474
0,23750.40625,98437.5,87500.0,240625.0,0.002171875,0.013125,5.078125,7.03125,157.0,0.4557504182094669
0,23750.40625,98437.5,87500.0,240625.0,0.002171875,0.0193749999999999,7.109375,7.03125,158.0,0.4357212576179096
0,23750.40625,98437.5,87500.0,240625.0,0.002171875,0.0193749999999999,5.078125,7.59375,159.0,0.42655017970950687
0,23750.40625,82812.5,57500.0,915625.0,0.001234375,0.013125,7.109375,7.59375,160.0,0.4416441321950214
0,23750.40625,98437.5,57500.0,240625.0,0.002171875,0.0193749999999999,5.078125,7.03125,161.0,0.47626918253981765
0,23750.40625,98437.5,87500.0,915625.0,0.002171875,0.0193749999999999,5.078125,7.03125,162.0,0.4475488927859344
0,23750.40625,98437.5,87500.0,240625.0,0.001234375,0.0193749999999999,5.078125,7.03125,163.0,0.47465592006211277
0,23750.40625,98437.5,87500.0,240625.0,0.002171875,0.013125,5.078125,7.03125,164.0,0.4564039102975177
0,23750.40625,98437.5,87500.0,240625.0,0.002171875,0.0193749999999999,7.109375,7.03125,165.0,0.45512636307306126
0,23750.40625,98437.5,87500.0,240625.0,0.002171875,0.0193749999999999,5.078125,7.59375,166.0,0.4493124500018242
0,23750.40625,82812.5,57500.0,915625.0,0.001234375,0.013125,7.109375,7.59375,167.0,0.43603883712718516
0,23750.40625,98437.5,57500.0,240625.0,0.002171875,0.0193749999999999,5.078125,7.03125,168.0,0.44537216377538874
0,23750.40625,98437.5,87500.0,915625.0,0.002171875,0.0193749999999999,5.078125,7.03125,169.0,0.45839550817019764
0,23750.40625,98437.5,87500.0,240625.0,0.001234375,0.0193749999999999,5.078125,7.03125,170.0,0.4739351484591426
0,23750.40625,98437.5,87500.0,240625.0,0.002171875,0.013125,5.078125,7.03125,171.0,0.45894623354310626
0,23750.40625,98437.5,87500.0,240625.0,0.002171875,0.0193749999999999,7.109375,7.03125,172.0,0.4138280179014071
0,23750.40625,98437.5,87500.0,240625.0,0.002171875,0.0193749999999999,5.078125,7.59375,173.0,0.44683547885142477
0,23750.40625,82812.5,57500.0,915625.0,0.001234375,0.013125,7.109375,7.59375,174.0,0.44334385904685203
0,23750.40625,98437.5,57500.0,240625.0,0.002171875,0.0193749999999999,5.078125,7.03125,175.0,0.46012889458801703
0,23750.40625,98437.5,87500.0,915625.0,0.002171875,0.0193749999999999,5.078125,7.03125,176.0,0.4625320016601345
0,23750.40625,98437.5,87500.0,240625.0,0.001234375,0.0193749999999999,5.078125,7.03125,177.0,0.479278834826181
0,23750.40625,98437.5,87500.0,240625.0,0.002171875,0.013125,5.078125,7.03125,178.0,0.47106361330030405
0,23750.40625,98437.5,87500.0,240625.0,0.002171875,0.0193749999999999,7.109375,7.03125,179.0,0.4478539341626537
0,23750.40625,98437.5,87500.0,240625.0,0.002171875,0.0193749999999999,5.078125,7.59375,180.0,0.44112809401449665
0,23750.40625,82812.5,57500.0,915625.0,0.001234375,0.013125,7.109375,7.59375,181.0,0.46426623942301537
0,23750.40625,98437.5,57500.0,240625.0,0.002171875,0.0193749999999999,5.078125,7.03125,182.0,0.4597982420909517
0,23750.40625,98437.5,87500.0,915625.0,0.002171875,0.0193749999999999,5.078125,7.03125,183.0,0.4536752731358495
0,23750.40625,98437.5,87500.0,240625.0,0.001234375,0.0193749999999999,5.078125,7.03125,184.0,0.4734004899582839
0,23750.40625,98437.5,87500.0,240625.0,0.002171875,0.013125,5.078125,7.03125,185.0,0.46544175983729774
0,23750.40625,98437.5,87500.0,240625.0,0.002171875,0.0193749999999999,7.109375,7.03125,186.0,0.4243184386049326
0,23750.40625,98437.5,87500.0,240625.0,0.002171875,0.0193749999999999,5.078125,7.59375,187.0,0.4792075773769617
0,23750.40625,82812.5,57500.0,915625.0,0.001234375,0.013125,7.109375,7.59375,188.0,0.4475090899470394
0,23750.40625,98437.5,57500.0,240625.0,0.002171875,0.0193749999999999,5.078125,7.03125,189.0,0.4656670031774187
0,23750.40625,98437.5,87500.0,915625.0,0.002171875,0.0193749999999999,5.078125,7.03125,190.0,0.4325955871364671
0,23750.40625,98437.5,87500.0,240625.0,0.001234375,0.0193749999999999,5.078125,7.03125,191.0,0.4615105837938893
0,23750.40625,98437.5,87500.0,240625.0,0.002171875,0.013125,5.078125,7.03125,192.0,0.4698550599870085
0,23750.40625,98437.5,87500.0,240625.0,0.002171875,0.0193749999999999,7.109375,7.03125,193.0,0.45217683677513637
0,23750.40625,98437.5,87500.0,240625.0,0.002171875,0.0193749999999999,5.078125,7.59375,194.0,0.4480121046532971
0,23750.40625,82812.5,57500.0,915625.0,0.001234375,0.013125,7.109375,7.59375,195.0,0.44621999463808787
0,23750.40625,98437.5,57500.0,240625.0,0.002171875,0.0193749999999999,5.078125,7.03125,196.0,0.4490133195721008
0,23750.40625,98437.5,87500.0,915625.0,0.002171875,0.0193749999999999,5.078125,7.03125,197.0,0.46516912763157064
0,23750.40625,98437.5,87500.0,240625.0,0.001234375,0.0193749999999999,5.078125,7.03125,198.0,0.4571156560249589
0,23750.40625,98437.5,87500.0,240625.0,0.002171875,0.013125,5.078125,7.03125,199.0,0.4291582308556776
0,23750.40625,98437.5,87500.0,240625.0,0.002171875,0.0193749999999999,7.109375,7.03125,200.0,0.4381076966944214
0,23750.40625,98437.5,87500.0,240625.0,0.002171875,0.0193749999999999,5.078125,7.59375,201.0,0.46977956294032036
0,23750.40625,82812.5,57500.0,915625.0,0.001234375,0.013125,7.109375,7.59375,202.0,0.452879413170129
0,23750.40625,98437.5,57500.0,240625.0,0.002171875,0.0193749999999999,5.078125,7.03125,203.0,0.49184182723952297
0,23750.40625,98437.5,87500.0,915625.0,0.002171875,0.0193749999999999,5.078125,7.03125,204.0,0.45385392934286645
0,23750.40625,98437.5,87500.0,240625.0,0.001234375,0.0193749999999999,5.078125,7.03125,205.0,0.46104451154844406
0,23750.40625,98437.5,87500.0,240625.0,0.002171875,0.013125,5.078125,7.03125,206.0,0.4558612964863406
0,23750.40625,98437.5,87500.0,240625.0,0.002171875,0.0193749999999999,7.109375,7.03125,207.0,0.45355296624400143
0,23750.40625,98437.5,87500.0,240625.0,0.002171875,0.0193749999999999,5.078125,7.59375,208.0,0.47441755142742037
0,23750.40625,82812.5,57500.0,915625.0,0.001234375,0.013125,7.109375,7.59375,209.0,0.4382884653866951
