,savings_lower,savings_upper,price_lower,price_upper,payoff_perc_freehold,inflation,chi_parameter,bank_income_multiplier,Run,Gini
0,3750.90625,73437.5,47500.0,690625.0,0.001421875,0.029375,6.328125,8.53125,0.0,0.45088030234539334
0,18750.53125,73437.5,47500.0,690625.0,0.001421875,0.029375,6.328125,8.53125,1.0,0.45679922292426794
0,3750.90625,57812.5,47500.0,690625.0,0.001421875,0.029375,6.328125,8.53125,2.0,0.5031841308888961
0,3750.90625,73437.5,17500.0,690625.0,0.001421875,0.029375,6.328125,8.53125,3.0,0.476357700829492
0,3750.90625,73437.5,47500.0,465625.0,0.001421875,0.029375,6.328125,8.53125,4.0,0.45632208516778666
0,3750.90625,73437.5,47500.0,690625.0,0.001984375,0.029375,6.328125,8.53125,5.0,0.4713972477153374
0,3750.90625,73437.5,47500.0,690625.0,0.001421875,0.023125,6.328125,8.53125,6.0,0.46836492961450954
0,3750.90625,73437.5,47500.0,690625.0,0.001421875,0.029375,6.328125,8.53125,7.0,0.47548056641557873
0,18750.53125,73437.5,47500.0,690625.0,0.001421875,0.029375,6.328125,8.53125,8.0,0.46922356336247273
0,3750.90625,57812.5,47500.0,690625.0,0.001421875,0.029375,6.328125,8.53125,9.0,0.4935926369255484
0,3750.90625,73437.5,17500.0,690625.0,0.001421875,0.029375,6.328125,8.53125,10.0,0.471710006896196
0,3750.90625,73437.5,47500.0,465625.0,0.001421875,0.029375,6.328125,8.53125,11.0,0.4901973835280812
0,3750.90625,73437.5,47500.0,690625.0,0.001984375,0.029375,6.328125,8.53125,12.0,0.46279280834095315
0,3750.90625,73437.5,47500.0,690625.0,0.001421875,0.023125,6.328125,8.53125,13.0,0.4609715605332718
0,3750.90625,73437.5,47500.0,690625.0,0.001421875,0.029375,6.328125,8.53125,14.0,0.47456871098415354
0,18750.53125,73437.5,47500.0,690625.0,0.001421875,0.029375,6.328125,8.53125,15.0,0.4795411070639683
0,3750.90625,57812.5,47500.0,690625.0,0.001421875,0.029375,6.328125,8.53125,16.0,0.4990230144383016
0,3750.90625,73437.5,17500.0,690625.0,0.001421875,0.029375,6.328125,8.53125,17.0,0.4760414181115182
0,3750.90625,73437.5,47500.0,465625.0,0.001421875,0.029375,6.328125,8.53125,18.0,0.47936809305766176
0,3750.90625,73437.5,47500.0,690625.0,0.001984375,0.029375,6.328125,8.53125,19.0,0.49885155650278173
0,3750.90625,73437.5,47500.0,690625.0,0.001421875,0.023125,6.328125,8.53125,20.0,0.4727269270845691
0,3750.90625,73437.5,47500.0,690625.0,0.001421875,0.029375,6.328125,8.53125,21.0,0.48005927680601657
0,18750.53125,73437.5,47500.0,690625.0,0.001421875,0.029375,6.328125,8.53125,22.0,0.4663515350534551
0,3750.90625,57812.5,47500.0,690625.0,0.001421875,0.029375,6.328125,8.53125,23.0,0.49896597375848917
0,3750.90625,73437.5,17500.0,690625.0,0.001421875,0.029375,6.328125,8.53125,24.0,0.481285160027851
0,3750.90625,73437.5,47500.0,465625.0,0.001421875,0.029375,6.328125,8.53125,25.0,0.4965913496668715
0,3750.90625,73437.5,47500.0,690625.0,0.001984375,0.029375,6.328125,8.53125,26.0,0.4595875772381982
0,3750.90625,73437.5,47500.0,690625.0,0.001421875,0.023125,6.328125,8.53125,27.0,0.4622528439339686
0,3750.90625,73437.5,47500.0,690625.0,0.001421875,0.029375,6.328125,8.53125,28.0,0.4877943681017269
0,18750.53125,73437.5,47500.0,690625.0,0.001421875,0.029375,6.328125,8.53125,29.0,0.46021664855391803
0,3750.90625,57812.5,47500.0,690625.0,0.001421875,0.029375,6.328125,8.53125,30.0,0.4964187433503205
0,3750.90625,73437.5,17500.0,690625.0,0.001421875,0.029375,6.328125,8.53125,31.0,0.4407511427934967
0,3750.90625,73437.5,47500.0,465625.0,0.001421875,0.029375,6.328125,8.53125,32.0,0.4768586080758377
0,3750.90625,73437.5,47500.0,690625.0,0.001984375,0.029375,6.328125,8.53125,33.0,0.4652916139198997
0,3750.90625,73437.5,47500.0,690625.0,0.001421875,0.023125,6.328125,8.53125,34.0,0.4851533324963064
0,3750.90625,73437.5,47500.0,690625.0,0.001421875,0.029375,6.328125,8.53125,35.0,0.45030916616570765
0,18750.53125,73437.5,47500.0,690625.0,0.001421875,0.029375,6.328125,8.53125,36.0,0.4604735992593525
0,3750.90625,57812.5,47500.0,690625.0,0.001421875,0.029375,6.328125,8.53125,37.0,0.48704162352739294
0,3750.90625,73437.5,17500.0,690625.0,0.001421875,0.029375,6.328125,8.53125,38.0,0.45646579746476695
0,3750.90625,73437.5,47500.0,465625.0,0.001421875,0.029375,6.328125,8.53125,39.0,0.47220506565586473
0,3750.90625,73437.5,47500.0,690625.0,0.001984375,0.029375,6.328125,8.53125,40.0,0.4876283894833988
0,3750.90625,73437.5,47500.0,690625.0,0.001421875,0.023125,6.328125,8.53125,41.0,0.4537449932640105
0,3750.90625,73437.5,47500.0,690625.0,0.001421875,0.029375,6.328125,8.53125,42.0,0.4805270280032824
0,18750.53125,73437.5,47500.0,690625.0,0.001421875,0.029375,6.328125,8.53125,43.0,0.45981626494405686
0,3750.90625,57812.5,47500.0,690625.0,0.001421875,0.029375,6.328125,8.53125,44.0,0.499616082388617
0,3750.90625,73437.5,17500.0,690625.0,0.001421875,0.029375,6.328125,8.53125,45.0,0.48965361336069774
0,3750.90625,73437.5,47500.0,465625.0,0.001421875,0.029375,6.328125,8.53125,46.0,0.4695699434631818
0,3750.90625,73437.5,47500.0,690625.0,0.001984375,0.029375,6.328125,8.53125,47.0,0.476253892113112
0,3750.90625,73437.5,47500.0,690625.0,0.001421875,0.023125,6.328125,8.53125,48.0,0.48587098417671853
0,3750.90625,73437.5,47500.0,690625.0,0.001421875,0.029375,6.328125,8.53125,49.0,0.48428716594340554
0,18750.53125,73437.5,47500.0,690625.0,0.001421875,0.029375,6.328125,8.53125,50.0,0.4664719368731339
0,3750.90625,57812.5,47500.0,690625.0,0.001421875,0.029375,6.328125,8.53125,51.0,0.48752980980498045
0,3750.90625,73437.5,17500.0,690625.0,0.001421875,0.029375,6.328125,8.53125,52.0,0.48621853990488817
0,3750.90625,73437.5,47500.0,465625.0,0.001421875,0.029375,6.328125,8.53125,53.0,0.470283276934183
0,3750.90625,73437.5,47500.0,690625.0,0.001984375,0.029375,6.328125,8.53125,54.0,0.4798831078745816
0,3750.90625,73437.5,47500.0,690625.0,0.001421875,0.023125,6.328125,8.53125,55.0,0.47960050511914853
0,3750.90625,73437.5,47500.0,690625.0,0.001421875,0.029375,6.328125,8.53125,56.0,0.4876043397068476
0,18750.53125,73437.5,47500.0,690625.0,0.001421875,0.029375,6.328125,8.53125,57.0,0.47102811162265196
0,3750.90625,57812.5,47500.0,690625.0,0.001421875,0.029375,6.328125,8.53125,58.0,0.48747654899655873
0,3750.90625,73437.5,17500.0,690625.0,0.001421875,0.029375,6.328125,8.53125,59.0,0.4637747771596667
0,3750.90625,73437.5,47500.0,465625.0,0.001421875,0.029375,6.328125,8.53125,60.0,0.48963809643652123
0,3750.90625,73437.5,47500.0,690625.0,0.001984375,0.029375,6.328125,8.53125,61.0,0.4712838968384588
0,3750.90625,73437.5,47500.0,690625.0,0.001421875,0.023125,6.328125,8.53125,62.0,0.5102290420949631
0,3750.90625,73437.5,47500.0,690625.0,0.001421875,0.029375,6.328125,8.53125,63.0,0.46590323223395685
0,18750.53125,73437.5,47500.0,690625.0,0.001421875,0.029375,6.328125,8.53125,64.0,0.44287390024242407
0,3750.90625,57812.5,47500.0,690625.0,0.001421875,0.029375,6.328125,8.53125,65.0,0.4891378736474477
0,3750.90625,73437.5,17500.0,690625.0,0.001421875,0.029375,6.328125,8.53125,66.0,0.48550334730767214
0,3750.90625,73437.5,47500.0,465625.0,0.001421875,0.029375,6.328125,8.53125,67.0,0.4835259134889753
0,3750.90625,73437.5,47500.0,690625.0,0.001984375,0.029375,6.328125,8.53125,68.0,0.4416326411278466
0,3750.90625,73437.5,47500.0,690625.0,0.001421875,0.023125,6.328125,8.53125,69.0,0.4853626290313709
0,3750.90625,73437.5,47500.0,690625.0,0.001421875,0.029375,6.328125,8.53125,70.0,0.4730212955519757
0,18750.53125,73437.5,47500.0,690625.0,0.001421875,0.029375,6.328125,8.53125,71.0,0.46637062828711556
0,3750.90625,57812.5,47500.0,690625.0,0.001421875,0.029375,6.328125,8.53125,72.0,0.5010632659748151
0,3750.90625,73437.5,17500.0,690625.0,0.001421875,0.029375,6.328125,8.53125,73.0,0.4824871609054761
0,3750.90625,73437.5,47500.0,465625.0,0.001421875,0.029375,6.328125,8.53125,74.0,0.4689400079450565
0,3750.90625,73437.5,47500.0,690625.0,0.001984375,0.029375,6.328125,8.53125,75.0,0.47501164093903825
0,3750.90625,73437.5,47500.0,690625.0,0.001421875,0.023125,6.328125,8.53125,76.0,0.47549084560651933
0,3750.90625,73437.5,47500.0,690625.0,0.001421875,0.029375,6.328125,8.53125,77.0,0.48301105555351864
0,18750.53125,73437.5,47500.0,690625.0,0.001421875,0.029375,6.328125,8.53125,78.0,0.45018083998746955
0,3750.90625,57812.5,47500.0,690625.0,0.001421875,0.029375,6.328125,8.53125,79.0,0.4841251310262929
0,3750.90625,73437.5,17500.0,690625.0,0.001421875,0.029375,6.328125,8.53125,80.0,0.4713818928146901
0,3750.90625,73437.5,47500.0,465625.0,0.001421875,0.029375,6.328125,8.53125,81.0,0.46493831297259935
0,3750.90625,73437.5,47500.0,690625.0,0.001984375,0.029375,6.328125,8.53125,82.0,0.48550363635542165
0,3750.90625,73437.5,47500.0,690625.0,0.001421875,0.023125,6.328125,8.53125,83.0,0.4380041744825537
0,3750.90625,73437.5,47500.0,690625.0,0.001421875,0.029375,6.328125,8.53125,84.0,0.48634893954813196
0,18750.53125,73437.5,47500.0,690625.0,0.001421875,0.029375,6.328125,8.53125,85.0,0.4455156651635501
0,3750.90625,57812.5,47500.0,690625.0,0.001421875,0.029375,6.328125,8.53125,86.0,0.48898311348862
0,3750.90625,73437.5,17500.0,690625.0,0.001421875,0.029375,6.328125,8.53125,87.0,0.482985945497301
0,3750.90625,73437.5,47500.0,465625.0,0.001421875,0.029375,6.328125,8.53125,88.0,0.4910762447833556
0,3750.90625,73437.5,47500.0,690625.0,0.001984375,0.029375,6.328125,8.53125,89.0,0.5097215975833191
0,3750.90625,73437.5,47500.0,690625.0,0.001421875,0.023125,6.328125,8.53125,90.0,0.492358961628508
0,3750.90625,73437.5,47500.0,690625.0,0.001421875,0.029375,6.328125,8.53125,91.0,0.47533305181234703
0,18750.53125,73437.5,47500.0,690625.0,0.001421875,0.029375,6.328125,8.53125,92.0,0.4539901875148315
0,3750.90625,57812.5,47500.0,690625.0,0.001421875,0.029375,6.328125,8.53125,93.0,0.48542491003577215
0,3750.90625,73437.5,17500.0,690625.0,0.001421875,0.029375,6.328125,8.53125,94.0,0.46946850855784433
0,3750.90625,73437.5,47500.0,465625.0,0.001421875,0.029375,6.328125,8.53125,95.0,0.4839471605327633
0,3750.90625,73437.5,47500.0,690625.0,0.001984375,0.029375,6.328125,8.53125,96.0,0.5057601750842076
0,3750.90625,73437.5,47500.0,690625.0,0.001421875,0.023125,6.328125,8.53125,97.0,0.49445456527514325
0,3750.90625,73437.5,47500.0,690625.0,0.001421875,0.029375,6.328125,8.53125,98.0,0.47203249961934624
0,18750.53125,73437.5,47500.0,690625.0,0.001421875,0.029375,6.328125,8.53125,99.0,0.47953601187546707
0,3750.90625,57812.5,47500.0,690625.0,0.001421875,0.029375,6.328125,8.53125,100.0,0.46310987595569886
0,3750.90625,73437.5,17500.0,690625.0,0.001421875,0.029375,6.328125,8.53125,101.0,0.4688343730344998
0,3750.90625,73437.5,47500.0,465625.0,0.001421875,0.029375,6.328125,8.53125,102.0,0.4833654492647796
0,3750.90625,73437.5,47500.0,690625.0,0.001984375,0.029375,6.328125,8.53125,103.0,0.45415603756500755
0,3750.90625,73437.5,47500.0,690625.0,0.001421875,0.023125,6.328125,8.53125,104.0,0.47997006912683254
0,3750.90625,73437.5,47500.0,690625.0,0.001421875,0.029375,6.328125,8.53125,105.0,0.47233148829796745
0,18750.53125,73437.5,47500.0,690625.0,0.001421875,0.029375,6.328125,8.53125,106.0,0.45274398236695373
0,3750.90625,57812.5,47500.0,690625.0,0.001421875,0.029375,6.328125,8.53125,107.0,0.4778135495365291
0,3750.90625,73437.5,17500.0,690625.0,0.001421875,0.029375,6.328125,8.53125,108.0,0.46262623802395764
0,3750.90625,73437.5,47500.0,465625.0,0.001421875,0.029375,6.328125,8.53125,109.0,0.4623151267151561
0,3750.90625,73437.5,47500.0,690625.0,0.001984375,0.029375,6.328125,8.53125,110.0,0.4724216759991663
0,3750.90625,73437.5,47500.0,690625.0,0.001421875,0.023125,6.328125,8.53125,111.0,0.44187232886830213
0,3750.90625,73437.5,47500.0,690625.0,0.001421875,0.029375,6.328125,8.53125,112.0,0.4686379865269185
0,18750.53125,73437.5,47500.0,690625.0,0.001421875,0.029375,6.328125,8.53125,113.0,0.4678536698568555
0,3750.90625,57812.5,47500.0,690625.0,0.001421875,0.029375,6.328125,8.53125,114.0,0.4868401215601467
0,3750.90625,73437.5,17500.0,690625.0,0.001421875,0.029375,6.328125,8.53125,115.0,0.4645642139857238
0,3750.90625,73437.5,47500.0,465625.0,0.001421875,0.029375,6.328125,8.53125,116.0,0.48098993108431987
0,3750.90625,73437.5,47500.0,690625.0,0.001984375,0.029375,6.328125,8.53125,117.0,0.4640177697304526
0,3750.90625,73437.5,47500.0,690625.0,0.001421875,0.023125,6.328125,8.53125,118.0,0.486617122067203
0,3750.90625,73437.5,47500.0,690625.0,0.001421875,0.029375,6.328125,8.53125,119.0,0.4549827251287675
0,18750.53125,73437.5,47500.0,690625.0,0.001421875,0.029375,6.328125,8.53125,120.0,0.46359063127566014
0,3750.90625,57812.5,47500.0,690625.0,0.001421875,0.029375,6.328125,8.53125,121.0,0.49332301436573306
0,3750.90625,73437.5,17500.0,690625.0,0.001421875,0.029375,6.328125,8.53125,122.0,0.4660264562478035
0,3750.90625,73437.5,47500.0,465625.0,0.001421875,0.029375,6.328125,8.53125,123.0,0.4767816710743822
0,3750.90625,73437.5,47500.0,690625.0,0.001984375,0.029375,6.328125,8.53125,124.0,0.45128273196775937
0,3750.90625,73437.5,47500.0,690625.0,0.001421875,0.023125,6.328125,8.53125,125.0,0.4813814655367769
0,3750.90625,73437.5,47500.0,690625.0,0.001421875,0.029375,6.328125,8.53125,126.0,0.4884124379608997
0,18750.53125,73437.5,47500.0,690625.0,0.001421875,0.029375,6.328125,8.53125,127.0,0.4784793840428045
0,3750.90625,57812.5,47500.0,690625.0,0.001421875,0.029375,6.328125,8.53125,128.0,0.49450388983613985
0,3750.90625,73437.5,17500.0,690625.0,0.001421875,0.029375,6.328125,8.53125,129.0,0.4896695195433573
0,3750.90625,73437.5,47500.0,465625.0,0.001421875,0.029375,6.328125,8.53125,130.0,0.48281022452532263
0,3750.90625,73437.5,47500.0,690625.0,0.001984375,0.029375,6.328125,8.53125,131.0,0.46329565429167735
0,3750.90625,73437.5,47500.0,690625.0,0.001421875,0.023125,6.328125,8.53125,132.0,0.47655482868202076
0,3750.90625,73437.5,47500.0,690625.0,0.001421875,0.029375,6.328125,8.53125,133.0,0.4721158975191396
0,18750.53125,73437.5,47500.0,690625.0,0.001421875,0.029375,6.328125,8.53125,134.0,0.4762182230384051
0,3750.90625,57812.5,47500.0,690625.0,0.001421875,0.029375,6.328125,8.53125,135.0,0.48761955040308247
0,3750.90625,73437.5,17500.0,690625.0,0.001421875,0.029375,6.328125,8.53125,136.0,0.49560013681555076
0,3750.90625,73437.5,47500.0,465625.0,0.001421875,0.029375,6.328125,8.53125,137.0,0.4751095508774743
0,3750.90625,73437.5,47500.0,690625.0,0.001984375,0.029375,6.328125,8.53125,138.0,0.4903625974769151
0,3750.90625,73437.5,47500.0,690625.0,0.001421875,0.023125,6.328125,8.53125,139.0,0.4887824121579269
0,3750.90625,73437.5,47500.0,690625.0,0.001421875,0.029375,6.328125,8.53125,140.0,0.47144053028692223
0,18750.53125,73437.5,47500.0,690625.0,0.001421875,0.029375,6.328125,8.53125,141.0,0.441958398455054
0,3750.90625,57812.5,47500.0,690625.0,0.001421875,0.029375,6.328125,8.53125,142.0,0.48509395885954204
0,3750.90625,73437.5,17500.0,690625.0,0.001421875,0.029375,6.328125,8.53125,143.0,0.49211370398131055
0,3750.90625,73437.5,47500.0,465625.0,0.001421875,0.029375,6.328125,8.53125,144.0,0.48454324449747893
0,3750.90625,73437.5,47500.0,690625.0,0.001984375,0.029375,6.328125,8.53125,145.0,0.45588121731563996
0,3750.90625,73437.5,47500.0,690625.0,0.001421875,0.023125,6.328125,8.53125,146.0,0.4587591964835836
0,3750.90625,73437.5,47500.0,690625.0,0.001421875,0.029375,6.328125,8.53125,147.0,0.44680891468034284
0,18750.53125,73437.5,47500.0,690625.0,0.001421875,0.029375,6.328125,8.53125,148.0,0.45891283932897053
0,3750.90625,57812.5,47500.0,690625.0,0.001421875,0.029375,6.328125,8.53125,149.0,0.4669026722364077
0,3750.90625,73437.5,17500.0,690625.0,0.001421875,0.029375,6.328125,8.53125,150.0,0.4961182007856961
0,3750.90625,73437.5,47500.0,465625.0,0.001421875,0.029375,6.328125,8.53125,151.0,0.4692762603837921
0,3750.90625,73437.5,47500.0,690625.0,0.001984375,0.029375,6.328125,8.53125,152.0,0.4628354370968242
0,3750.90625,73437.5,47500.0,690625.0,0.001421875,0.023125,6.328125,8.53125,153.0,0.48953448331356625
0,3750.90625,73437.5,47500.0,690625.0,0.001421875,0.029375,6.328125,8.53125,154.0,0.4930719829945077
0,18750.53125,73437.5,47500.0,690625.0,0.001421875,0.029375,6.328125,8.53125,155.0,0.4526472363205189
0,3750.90625,57812.5,47500.0,690625.0,0.001421875,0.029375,6.328125,8.53125,156.0,0.4699904742213794
0,3750.90625,73437.5,17500.0,690625.0,0.001421875,0.029375,6.328125,8.53125,157.0,0.46521289712900593
0,3750.90625,73437.5,47500.0,465625.0,0.001421875,0.029375,6.328125,8.53125,158.0,0.45972682953890676
0,3750.90625,73437.5,47500.0,690625.0,0.001984375,0.029375,6.328125,8.53125,159.0,0.48910889403659286
0,3750.90625,73437.5,47500.0,690625.0,0.001421875,0.023125,6.328125,8.53125,160.0,0.49899083800422384
0,3750.90625,73437.5,47500.0,690625.0,0.001421875,0.029375,6.328125,8.53125,161.0,0.4826314832989283
0,18750.53125,73437.5,47500.0,690625.0,0.001421875,0.029375,6.328125,8.53125,162.0,0.47248540163764546
0,3750.90625,57812.5,47500.0,690625.0,0.001421875,0.029375,6.328125,8.53125,163.0,0.48847308717754806
0,3750.90625,73437.5,17500.0,690625.0,0.001421875,0.029375,6.328125,8.53125,164.0,0.46110002140844103
0,3750.90625,73437.5,47500.0,465625.0,0.001421875,0.029375,6.328125,8.53125,165.0,0.49870068191964123
0,3750.90625,73437.5,47500.0,690625.0,0.001984375,0.029375,6.328125,8.53125,166.0,0.4975567040933149
0,3750.90625,73437.5,47500.0,690625.0,0.001421875,0.023125,6.328125,8.53125,167.0,0.4691572988891713
0,3750.90625,73437.5,47500.0,690625.0,0.001421875,0.029375,6.328125,8.53125,168.0,0.48635784681236255
0,18750.53125,73437.5,47500.0,690625.0,0.001421875,0.029375,6.328125,8.53125,169.0,0.47574536353250746
0,3750.90625,57812.5,47500.0,690625.0,0.001421875,0.029375,6.328125,8.53125,170.0,0.49594283299068936
0,3750.90625,73437.5,17500.0,690625.0,0.001421875,0.029375,6.328125,8.53125,171.0,0.4715957791090767
0,3750.90625,73437.5,47500.0,465625.0,0.001421875,0.029375,6.328125,8.53125,172.0,0.46561805439179166
0,3750.90625,73437.5,47500.0,690625.0,0.001984375,0.029375,6.328125,8.53125,173.0,0.47377379742814546
0,3750.90625,73437.5,47500.0,690625.0,0.001421875,0.023125,6.328125,8.53125,174.0,0.4627159805050967
0,3750.90625,73437.5,47500.0,690625.0,0.001421875,0.029375,6.328125,8.53125,175.0,0.467874421494273
0,18750.53125,73437.5,47500.0,690625.0,0.001421875,0.029375,6.328125,8.53125,176.0,0.4373112390580011
0,3750.90625,57812.5,47500.0,690625.0,0.001421875,0.029375,6.328125,8.53125,177.0,0.4835347925150946
0,3750.90625,73437.5,17500.0,690625.0,0.001421875,0.029375,6.328125,8.53125,178.0,0.4814487327153903
0,3750.90625,73437.5,47500.0,465625.0,0.001421875,0.029375,6.328125,8.53125,179.0,0.4746905843812018
0,3750.90625,73437.5,47500.0,690625.0,0.001984375,0.029375,6.328125,8.53125,180.0,0.47349586708532615
0,3750.90625,73437.5,47500.0,690625.0,0.001421875,0.023125,6.328125,8.53125,181.0,0.4748173349548746
0,3750.90625,73437.5,47500.0,690625.0,0.001421875,0.029375,6.328125,8.53125,182.0,0.49503753921327376
0,18750.53125,73437.5,47500.0,690625.0,0.001421875,0.029375,6.328125,8.53125,183.0,0.45857752440578514
0,3750.90625,57812.5,47500.0,690625.0,0.001421875,0.029375,6.328125,8.53125,184.0,0.4803568613159539
0,3750.90625,73437.5,17500.0,690625.0,0.001421875,0.029375,6.328125,8.53125,185.0,0.4785301245957424
0,3750.90625,73437.5,47500.0,465625.0,0.001421875,0.029375,6.328125,8.53125,186.0,0.4738951831006457
0,3750.90625,73437.5,47500.0,690625.0,0.001984375,0.029375,6.328125,8.53125,187.0,0.4837189564249729
0,3750.90625,73437.5,47500.0,690625.0,0.001421875,0.023125,6.328125,8.53125,188.0,0.460428065864515
0,3750.90625,73437.5,47500.0,690625.0,0.001421875,0.029375,6.328125,8.53125,189.0,0.4701904098440072
0,18750.53125,73437.5,47500.0,690625.0,0.001421875,0.029375,6.328125,8.53125,190.0,0.4592368782597485
0,3750.90625,57812.5,47500.0,690625.0,0.001421875,0.029375,6.328125,8.53125,191.0,0.4867825527975958
0,3750.90625,73437.5,17500.0,690625.0,0.001421875,0.029375,6.328125,8.53125,192.0,0.4911177583138327
0,3750.90625,73437.5,47500.0,465625.0,0.001421875,0.029375,6.328125,8.53125,193.0,0.47170855725569466
0,3750.90625,73437.5,47500.0,690625.0,0.001984375,0.029375,6.328125,8.53125,194.0,0.47293897420610925
0,3750.90625,73437.5,47500.0,690625.0,0.001421875,0.023125,6.328125,8.53125,195.0,0.4814661693549004
0,3750.90625,73437.5,47500.0,690625.0,0.001421875,0.029375,6.328125,8.53125,196.0,0.49248946491544837
0,18750.53125,73437.5,47500.0,690625.0,0.001421875,0.029375,6.328125,8.53125,197.0,0.4404014278083664
0,3750.90625,57812.5,47500.0,690625.0,0.001421875,0.029375,6.328125,8.53125,198.0,0.4943278841565395
0,3750.90625,73437.5,17500.0,690625.0,0.001421875,0.029375,6.328125,8.53125,199.0,0.46744625789760597
0,3750.90625,73437.5,47500.0,465625.0,0.001421875,0.029375,6.328125,8.53125,200.0,0.48312316314817905
0,3750.90625,73437.5,47500.0,690625.0,0.001984375,0.029375,6.328125,8.53125,201.0,0.4783663547066015
0,3750.90625,73437.5,47500.0,690625.0,0.001421875,0.023125,6.328125,8.53125,202.0,0.4716575687483978
0,3750.90625,73437.5,47500.0,690625.0,0.001421875,0.029375,6.328125,8.53125,203.0,0.4921545563927654
0,18750.53125,73437.5,47500.0,690625.0,0.001421875,0.029375,6.328125,8.53125,204.0,0.4780397104946058
0,3750.90625,57812.5,47500.0,690625.0,0.001421875,0.029375,6.328125,8.53125,205.0,0.5217696005979658
0,3750.90625,73437.5,17500.0,690625.0,0.001421875,0.029375,6.328125,8.53125,206.0,0.48094312189270655
0,3750.90625,73437.5,47500.0,465625.0,0.001421875,0.029375,6.328125,8.53125,207.0,0.4909022875488589
0,3750.90625,73437.5,47500.0,690625.0,0.001984375,0.029375,6.328125,8.53125,208.0,0.47417355944590206
0,3750.90625,73437.5,47500.0,690625.0,0.001421875,0.023125,6.328125,8.53125,209.0,0.48031340995306365
