,Variable,Parameter,Gini
0,bank_income_multiplier,0.0,0.5195246404641601
0,bank_income_multiplier,0.0,0.3407845906241648
0,bank_income_multiplier,0.0,0.3596664090636315
0,bank_income_multiplier,0.0,0.3330173032271793
0,bank_income_multiplier,0.0,0.3526974467397032
0,bank_income_multiplier,0.0,0.5596215191043599
0,bank_income_multiplier,0.0,0.339093802779608
0,bank_income_multiplier,0.0,0.33959171759248125
0,bank_income_multiplier,0.0,0.3654501432387787
0,bank_income_multiplier,0.0,0.37427275751221684
0,bank_income_multiplier,0.0,0.36117396122568435
0,bank_income_multiplier,0.0,0.3779495942381488
0,bank_income_multiplier,0.0,0.3229338990050384
0,bank_income_multiplier,0.0,0.33594845969831527
0,bank_income_multiplier,0.0,0.3246043421865514
0,bank_income_multiplier,0.0,0.3250175427591048
0,bank_income_multiplier,0.0,0.33031969200595174
0,bank_income_multiplier,0.0,0.35562732922991197
0,bank_income_multiplier,0.0,0.38114453094397893
0,bank_income_multiplier,0.0,0.3676799586612058
0,bank_income_multiplier,0.0,0.3622125348861586
0,bank_income_multiplier,0.0,0.380584063992757
0,bank_income_multiplier,0.0,0.35903969727033985
0,bank_income_multiplier,0.0,0.3315479995322758
0,bank_income_multiplier,0.0,0.4032269398015207
0,bank_income_multiplier,0.0,0.3321253865696914
0,bank_income_multiplier,0.0,0.39109225454945745
0,bank_income_multiplier,0.0,0.5099866932185547
0,bank_income_multiplier,0.0,0.39764389610791556
0,bank_income_multiplier,0.0,0.37928880658723224
0,bank_income_multiplier,0.0,0.41691407118254925
0,bank_income_multiplier,0.0,0.32943605949289984
0,bank_income_multiplier,0.0,0.380308685203296
0,bank_income_multiplier,0.0,0.4102280383117982
0,bank_income_multiplier,0.0,0.31582132043811184
0,bank_income_multiplier,0.0,0.5129102129454607
0,bank_income_multiplier,0.0,0.31450963282589045
0,bank_income_multiplier,0.0,0.32113490151048596
0,bank_income_multiplier,0.0,0.3407965056459503
0,bank_income_multiplier,0.0,0.34508061271535406
0,bank_income_multiplier,0.0,0.3053149114671683
0,bank_income_multiplier,0.0,0.48364316284887526
0,bank_income_multiplier,0.0,0.3281209626027091
0,bank_income_multiplier,0.0,0.34132762937979083
0,bank_income_multiplier,0.0,0.3372506673961216
0,bank_income_multiplier,0.0,0.30436598818796645
0,bank_income_multiplier,0.0,0.5085006045739209
0,bank_income_multiplier,0.0,0.3716009789185706
0,bank_income_multiplier,0.0,0.34168283492326307
0,bank_income_multiplier,0.0,0.4249867592872597
0,bank_income_multiplier,0.8695652173913043,0.7130338054129157
0,bank_income_multiplier,0.8695652173913043,0.7518057822427413
0,bank_income_multiplier,0.8695652173913043,0.6640576325330353
0,bank_income_multiplier,0.8695652173913043,0.6870646380453841
0,bank_income_multiplier,0.8695652173913043,0.6809658476159757
0,bank_income_multiplier,0.8695652173913043,0.7438434454439655
0,bank_income_multiplier,0.8695652173913043,0.7560691424575076
0,bank_income_multiplier,0.8695652173913043,0.7269143608717806
0,bank_income_multiplier,0.8695652173913043,0.7177574965142228
0,bank_income_multiplier,0.8695652173913043,0.7008415233953549
0,bank_income_multiplier,0.8695652173913043,0.7524678495795435
0,bank_income_multiplier,0.8695652173913043,0.7564094043616512
0,bank_income_multiplier,0.8695652173913043,0.711936822727004
0,bank_income_multiplier,0.8695652173913043,0.7078485165937769
0,bank_income_multiplier,0.8695652173913043,0.6927296368636007
0,bank_income_multiplier,0.8695652173913043,0.7180288047347931
0,bank_income_multiplier,0.8695652173913043,0.7013944648804081
0,bank_income_multiplier,0.8695652173913043,0.7373617262810103
0,bank_income_multiplier,0.8695652173913043,0.782303396228703
0,bank_income_multiplier,0.8695652173913043,0.743505402407455
0,bank_income_multiplier,0.8695652173913043,0.7336755567286651
0,bank_income_multiplier,0.8695652173913043,0.7023237854867935
0,bank_income_multiplier,0.8695652173913043,0.7279011712845711
0,bank_income_multiplier,0.8695652173913043,0.7404752501917373
0,bank_income_multiplier,0.8695652173913043,0.6688328183143745
0,bank_income_multiplier,0.8695652173913043,0.7105661972780949
0,bank_income_multiplier,0.8695652173913043,0.766170711368124
0,bank_income_multiplier,0.8695652173913043,0.6932771470461635
0,bank_income_multiplier,0.8695652173913043,0.7246622561450663
0,bank_income_multiplier,0.8695652173913043,0.6754345791484145
0,bank_income_multiplier,0.8695652173913043,0.7550408071289272
0,bank_income_multiplier,0.8695652173913043,0.7325960953886421
0,bank_income_multiplier,0.8695652173913043,0.7154695232508432
0,bank_income_multiplier,0.8695652173913043,0.7204045695968834
0,bank_income_multiplier,0.8695652173913043,0.6966713264417748
0,bank_income_multiplier,0.8695652173913043,0.730519698805851
0,bank_income_multiplier,0.8695652173913043,0.7289721868911999
0,bank_income_multiplier,0.8695652173913043,0.7485261640997285
0,bank_income_multiplier,0.8695652173913043,0.7866229177761006
0,bank_income_multiplier,0.8695652173913043,0.6713920941751373
0,bank_income_multiplier,0.8695652173913043,0.7490861689351026
0,bank_income_multiplier,0.8695652173913043,0.7226009787348711
0,bank_income_multiplier,0.8695652173913043,0.7007019358271811
0,bank_income_multiplier,0.8695652173913043,0.7126472097014397
0,bank_income_multiplier,0.8695652173913043,0.7491451922664456
0,bank_income_multiplier,0.8695652173913043,0.7158620994584263
0,bank_income_multiplier,0.8695652173913043,0.705383281411284
0,bank_income_multiplier,0.8695652173913043,0.7120814225655555
0,bank_income_multiplier,0.8695652173913043,0.7294352922284739
0,bank_income_multiplier,0.8695652173913043,0.7617373132820503
0,bank_income_multiplier,1.7391304347826086,0.7904531045147675
0,bank_income_multiplier,1.7391304347826086,0.7234581266435814
0,bank_income_multiplier,1.7391304347826086,0.7523505987353429
0,bank_income_multiplier,1.7391304347826086,0.7077183323222381
0,bank_income_multiplier,1.7391304347826086,0.7323893630935592
0,bank_income_multiplier,1.7391304347826086,0.7779504321205645
0,bank_income_multiplier,1.7391304347826086,0.7552054869728652
0,bank_income_multiplier,1.7391304347826086,0.7379706326442498
0,bank_income_multiplier,1.7391304347826086,0.7082844087367013
0,bank_income_multiplier,1.7391304347826086,0.7584540202993195
0,bank_income_multiplier,1.7391304347826086,0.7483002369632049
0,bank_income_multiplier,1.7391304347826086,0.743876943832982
0,bank_income_multiplier,1.7391304347826086,0.7766145539874898
0,bank_income_multiplier,1.7391304347826086,0.7483878532884504
0,bank_income_multiplier,1.7391304347826086,0.7814896065554139
0,bank_income_multiplier,1.7391304347826086,0.8026216478231113
0,bank_income_multiplier,1.7391304347826086,0.7673976452978297
0,bank_income_multiplier,1.7391304347826086,0.728465138922762
0,bank_income_multiplier,1.7391304347826086,0.7386749210065694
0,bank_income_multiplier,1.7391304347826086,0.7059112076636856
0,bank_income_multiplier,1.7391304347826086,0.7570102365429189
0,bank_income_multiplier,1.7391304347826086,0.7361861565236342
0,bank_income_multiplier,1.7391304347826086,0.8173737013490189
0,bank_income_multiplier,1.7391304347826086,0.7245512883393969
0,bank_income_multiplier,1.7391304347826086,0.7119495787867341
0,bank_income_multiplier,1.7391304347826086,0.7494448513463395
0,bank_income_multiplier,1.7391304347826086,0.759143386836618
0,bank_income_multiplier,1.7391304347826086,0.7754778538788928
0,bank_income_multiplier,1.7391304347826086,0.7858745437234367
0,bank_income_multiplier,1.7391304347826086,0.7766984064168895
0,bank_income_multiplier,1.7391304347826086,0.7509422036085227
0,bank_income_multiplier,1.7391304347826086,0.7442478036200879
0,bank_income_multiplier,1.7391304347826086,0.7653996088021077
0,bank_income_multiplier,1.7391304347826086,0.7884841094692623
0,bank_income_multiplier,1.7391304347826086,0.6941747474425651
0,bank_income_multiplier,1.7391304347826086,0.7527263122743991
0,bank_income_multiplier,1.7391304347826086,0.7864237145256413
0,bank_income_multiplier,1.7391304347826086,0.7339702130706126
0,bank_income_multiplier,1.7391304347826086,0.7475183553508801
0,bank_income_multiplier,1.7391304347826086,0.7743559779794431
0,bank_income_multiplier,1.7391304347826086,0.7152219395767645
0,bank_income_multiplier,1.7391304347826086,0.7058706871779671
0,bank_income_multiplier,1.7391304347826086,0.7563419054284475
0,bank_income_multiplier,1.7391304347826086,0.725994653383033
0,bank_income_multiplier,1.7391304347826086,0.7710385270546875
0,bank_income_multiplier,1.7391304347826086,0.7668896536378611
0,bank_income_multiplier,1.7391304347826086,0.7032707738102857
0,bank_income_multiplier,1.7391304347826086,0.7609429634490747
0,bank_income_multiplier,1.7391304347826086,0.7430841550212244
0,bank_income_multiplier,1.7391304347826086,0.7580514866238898
0,bank_income_multiplier,2.608695652173913,0.7213479445969083
0,bank_income_multiplier,2.608695652173913,0.7601416536054543
0,bank_income_multiplier,2.608695652173913,0.6845388116524835
0,bank_income_multiplier,2.608695652173913,0.769970371320614
0,bank_income_multiplier,2.608695652173913,0.6992758704169585
0,bank_income_multiplier,2.608695652173913,0.6540918408496694
0,bank_income_multiplier,2.608695652173913,0.7569747382061663
0,bank_income_multiplier,2.608695652173913,0.7057730887873419
0,bank_income_multiplier,2.608695652173913,0.712740168268439
0,bank_income_multiplier,2.608695652173913,0.7469825402688866
0,bank_income_multiplier,2.608695652173913,0.68047732636104
0,bank_income_multiplier,2.608695652173913,0.6805476346512892
0,bank_income_multiplier,2.608695652173913,0.723790491030934
0,bank_income_multiplier,2.608695652173913,0.7600500230970109
0,bank_income_multiplier,2.608695652173913,0.7417823785221339
0,bank_income_multiplier,2.608695652173913,0.7158715688715785
0,bank_income_multiplier,2.608695652173913,0.7137295042345475
0,bank_income_multiplier,2.608695652173913,0.7485001015651207
0,bank_income_multiplier,2.608695652173913,0.7585174300252534
0,bank_income_multiplier,2.608695652173913,0.7198358474512321
0,bank_income_multiplier,2.608695652173913,0.7340950207419585
0,bank_income_multiplier,2.608695652173913,0.7351989434728631
0,bank_income_multiplier,2.608695652173913,0.6925572620911509
0,bank_income_multiplier,2.608695652173913,0.7451565409660375
0,bank_income_multiplier,2.608695652173913,0.7584306263967899
0,bank_income_multiplier,2.608695652173913,0.7731333737594823
0,bank_income_multiplier,2.608695652173913,0.7173873495410763
0,bank_income_multiplier,2.608695652173913,0.7873765494583879
0,bank_income_multiplier,2.608695652173913,0.7276941962653123
0,bank_income_multiplier,2.608695652173913,0.7053479712675174
0,bank_income_multiplier,2.608695652173913,0.7177648679341431
0,bank_income_multiplier,2.608695652173913,0.7534291404403154
0,bank_income_multiplier,2.608695652173913,0.7558713246916124
0,bank_income_multiplier,2.608695652173913,0.7391591533666302
0,bank_income_multiplier,2.608695652173913,0.7470914194990178
0,bank_income_multiplier,2.608695652173913,0.7178264582154019
0,bank_income_multiplier,2.608695652173913,0.7430919094305396
0,bank_income_multiplier,2.608695652173913,0.7096651595222995
0,bank_income_multiplier,2.608695652173913,0.77467310349274
0,bank_income_multiplier,2.608695652173913,0.7468014615729021
0,bank_income_multiplier,2.608695652173913,0.7427233944081673
0,bank_income_multiplier,2.608695652173913,0.7620028680839477
0,bank_income_multiplier,2.608695652173913,0.732708042243189
0,bank_income_multiplier,2.608695652173913,0.7516544218107756
0,bank_income_multiplier,2.608695652173913,0.7480235991911477
0,bank_income_multiplier,2.608695652173913,0.6975227205302936
0,bank_income_multiplier,2.608695652173913,0.7447626187298806
0,bank_income_multiplier,2.608695652173913,0.776929370800043
0,bank_income_multiplier,2.608695652173913,0.7182951665129693
0,bank_income_multiplier,2.608695652173913,0.7592226840598273
0,bank_income_multiplier,3.4782608695652173,0.7296420167128259
0,bank_income_multiplier,3.4782608695652173,0.7026990100212822
0,bank_income_multiplier,3.4782608695652173,0.7289919182125992
0,bank_income_multiplier,3.4782608695652173,0.8191251167163749
0,bank_income_multiplier,3.4782608695652173,0.7593462727300423
0,bank_income_multiplier,3.4782608695652173,0.6894882631130557
0,bank_income_multiplier,3.4782608695652173,0.6744744835184223
0,bank_income_multiplier,3.4782608695652173,0.6863292259463395
0,bank_income_multiplier,3.4782608695652173,0.7241228266716063
0,bank_income_multiplier,3.4782608695652173,0.7455714503486461
0,bank_income_multiplier,3.4782608695652173,0.6829773529444475
0,bank_income_multiplier,3.4782608695652173,0.7256992003645084
0,bank_income_multiplier,3.4782608695652173,0.7273900128163608
0,bank_income_multiplier,3.4782608695652173,0.7016021129270932
0,bank_income_multiplier,3.4782608695652173,0.7364564497694237
0,bank_income_multiplier,3.4782608695652173,0.728910530357608
0,bank_income_multiplier,3.4782608695652173,0.7431556247549657
0,bank_income_multiplier,3.4782608695652173,0.7876517938303064
0,bank_income_multiplier,3.4782608695652173,0.6837046488506969
0,bank_income_multiplier,3.4782608695652173,0.7736990711808357
0,bank_income_multiplier,3.4782608695652173,0.7154155748318705
0,bank_income_multiplier,3.4782608695652173,0.7570288642079421
0,bank_income_multiplier,3.4782608695652173,0.6865945426232338
0,bank_income_multiplier,3.4782608695652173,0.7073566263618187
0,bank_income_multiplier,3.4782608695652173,0.7165094717741787
0,bank_income_multiplier,3.4782608695652173,0.7187250451471695
0,bank_income_multiplier,3.4782608695652173,0.7623089445432237
0,bank_income_multiplier,3.4782608695652173,0.7108700646861686
0,bank_income_multiplier,3.4782608695652173,0.7148058262187086
0,bank_income_multiplier,3.4782608695652173,0.7542858030154455
0,bank_income_multiplier,3.4782608695652173,0.7390356545102853
0,bank_income_multiplier,3.4782608695652173,0.7454421120830157
0,bank_income_multiplier,3.4782608695652173,0.7442178739209235
0,bank_income_multiplier,3.4782608695652173,0.7687361491069523
0,bank_income_multiplier,3.4782608695652173,0.7290500285618924
0,bank_income_multiplier,3.4782608695652173,0.7442012603296105
0,bank_income_multiplier,3.4782608695652173,0.7395864470766479
0,bank_income_multiplier,3.4782608695652173,0.7778097361466854
0,bank_income_multiplier,3.4782608695652173,0.718068441628416
0,bank_income_multiplier,3.4782608695652173,0.7116296220808249
0,bank_income_multiplier,3.4782608695652173,0.7454028794931666
0,bank_income_multiplier,3.4782608695652173,0.7660500061063479
0,bank_income_multiplier,3.4782608695652173,0.7404858398522848
0,bank_income_multiplier,3.4782608695652173,0.712863283395321
0,bank_income_multiplier,3.4782608695652173,0.7284267602965876
0,bank_income_multiplier,3.4782608695652173,0.66488486086425
0,bank_income_multiplier,3.4782608695652173,0.7037230776355355
0,bank_income_multiplier,3.4782608695652173,0.7153140934579941
0,bank_income_multiplier,3.4782608695652173,0.7061194358607255
0,bank_income_multiplier,3.4782608695652173,0.6639789668516969
0,bank_income_multiplier,4.3478260869565215,0.6836449500021867
0,bank_income_multiplier,4.3478260869565215,0.6890518744858335
0,bank_income_multiplier,4.3478260869565215,0.7054400345494393
0,bank_income_multiplier,4.3478260869565215,0.738343942351112
0,bank_income_multiplier,4.3478260869565215,0.7376577942948882
0,bank_income_multiplier,4.3478260869565215,0.6901281773540541
0,bank_income_multiplier,4.3478260869565215,0.7306429489153957
0,bank_income_multiplier,4.3478260869565215,0.7067157651090887
0,bank_income_multiplier,4.3478260869565215,0.7425289856077933
0,bank_income_multiplier,4.3478260869565215,0.6857803514088849
0,bank_income_multiplier,4.3478260869565215,0.7067106880851179
0,bank_income_multiplier,4.3478260869565215,0.6568120900793059
0,bank_income_multiplier,4.3478260869565215,0.660313782015773
0,bank_income_multiplier,4.3478260869565215,0.7591151183874429
0,bank_income_multiplier,4.3478260869565215,0.7135426510550853
0,bank_income_multiplier,4.3478260869565215,0.7259250247644823
0,bank_income_multiplier,4.3478260869565215,0.6818045341387651
0,bank_income_multiplier,4.3478260869565215,0.6474147620234375
0,bank_income_multiplier,4.3478260869565215,0.7207440646115731
0,bank_income_multiplier,4.3478260869565215,0.6999928965724799
0,bank_income_multiplier,4.3478260869565215,0.678669777938146
0,bank_income_multiplier,4.3478260869565215,0.7392631493322649
0,bank_income_multiplier,4.3478260869565215,0.7403678078341005
0,bank_income_multiplier,4.3478260869565215,0.7378644720386435
0,bank_income_multiplier,4.3478260869565215,0.7477584151642815
0,bank_income_multiplier,4.3478260869565215,0.7566612925422913
0,bank_income_multiplier,4.3478260869565215,0.7131816255834205
0,bank_income_multiplier,4.3478260869565215,0.713898320159191
0,bank_income_multiplier,4.3478260869565215,0.6789021811773579
0,bank_income_multiplier,4.3478260869565215,0.7265405683457442
0,bank_income_multiplier,4.3478260869565215,0.6545658618117481
0,bank_income_multiplier,4.3478260869565215,0.7459949396425837
0,bank_income_multiplier,4.3478260869565215,0.6841614022995807
0,bank_income_multiplier,4.3478260869565215,0.7021199690290271
0,bank_income_multiplier,4.3478260869565215,0.6766563708745523
0,bank_income_multiplier,4.3478260869565215,0.7007968825552469
0,bank_income_multiplier,4.3478260869565215,0.7418663330651366
0,bank_income_multiplier,4.3478260869565215,0.7091977250737973
0,bank_income_multiplier,4.3478260869565215,0.7095781601962151
0,bank_income_multiplier,4.3478260869565215,0.6863820846000958
0,bank_income_multiplier,4.3478260869565215,0.705332885097582
0,bank_income_multiplier,4.3478260869565215,0.7225266866684829
0,bank_income_multiplier,4.3478260869565215,0.7130749323720822
0,bank_income_multiplier,4.3478260869565215,0.7113481816412419
0,bank_income_multiplier,4.3478260869565215,0.7047141981280084
0,bank_income_multiplier,4.3478260869565215,0.6794816321158286
0,bank_income_multiplier,4.3478260869565215,0.6651200166311919
0,bank_income_multiplier,4.3478260869565215,0.7199778542361422
0,bank_income_multiplier,4.3478260869565215,0.7000636783300606
0,bank_income_multiplier,4.3478260869565215,0.7006545124396166
0,bank_income_multiplier,5.217391304347826,0.6953854384910519
0,bank_income_multiplier,5.217391304347826,0.7058235414456366
0,bank_income_multiplier,5.217391304347826,0.7188655895627977
0,bank_income_multiplier,5.217391304347826,0.6805701794934064
0,bank_income_multiplier,5.217391304347826,0.6898970842863477
0,bank_income_multiplier,5.217391304347826,0.7342774973720806
0,bank_income_multiplier,5.217391304347826,0.7222288198727349
0,bank_income_multiplier,5.217391304347826,0.7104720894476627
0,bank_income_multiplier,5.217391304347826,0.7277341216634798
0,bank_income_multiplier,5.217391304347826,0.710772068075973
0,bank_income_multiplier,5.217391304347826,0.6866717861188266
0,bank_income_multiplier,5.217391304347826,0.7116039155490778
0,bank_income_multiplier,5.217391304347826,0.7121452154625076
0,bank_income_multiplier,5.217391304347826,0.6915003163540342
0,bank_income_multiplier,5.217391304347826,0.6788357735836936
0,bank_income_multiplier,5.217391304347826,0.7326401028370935
0,bank_income_multiplier,5.217391304347826,0.6845288985112337
0,bank_income_multiplier,5.217391304347826,0.6877874805158177
0,bank_income_multiplier,5.217391304347826,0.6746320857455592
0,bank_income_multiplier,5.217391304347826,0.7092396412717472
0,bank_income_multiplier,5.217391304347826,0.7121584892706688
0,bank_income_multiplier,5.217391304347826,0.7851289584961662
0,bank_income_multiplier,5.217391304347826,0.6926620319684689
0,bank_income_multiplier,5.217391304347826,0.6977156077019429
0,bank_income_multiplier,5.217391304347826,0.7006944492047552
0,bank_income_multiplier,5.217391304347826,0.761691155215268
0,bank_income_multiplier,5.217391304347826,0.6779384797990404
0,bank_income_multiplier,5.217391304347826,0.6961434514170408
0,bank_income_multiplier,5.217391304347826,0.6803500364821936
0,bank_income_multiplier,5.217391304347826,0.7476547219392076
0,bank_income_multiplier,5.217391304347826,0.7024588486376033
0,bank_income_multiplier,5.217391304347826,0.7051246540058161
0,bank_income_multiplier,5.217391304347826,0.680472420597041
0,bank_income_multiplier,5.217391304347826,0.6959217667156916
0,bank_income_multiplier,5.217391304347826,0.7004832041733857
0,bank_income_multiplier,5.217391304347826,0.6937437379183249
0,bank_income_multiplier,5.217391304347826,0.7313190525170938
0,bank_income_multiplier,5.217391304347826,0.6913843291547155
0,bank_income_multiplier,5.217391304347826,0.6390223972771392
0,bank_income_multiplier,5.217391304347826,0.7305366039683109
0,bank_income_multiplier,5.217391304347826,0.6921763482118994
0,bank_income_multiplier,5.217391304347826,0.7231983188756245
0,bank_income_multiplier,5.217391304347826,0.7494474931549384
0,bank_income_multiplier,5.217391304347826,0.6834835803452297
0,bank_income_multiplier,5.217391304347826,0.7176150313040534
0,bank_income_multiplier,5.217391304347826,0.7046754084571568
0,bank_income_multiplier,5.217391304347826,0.7098999003494427
0,bank_income_multiplier,5.217391304347826,0.705843384417274
0,bank_income_multiplier,5.217391304347826,0.6850722734003611
0,bank_income_multiplier,5.217391304347826,0.6537117802956857
0,bank_income_multiplier,6.08695652173913,0.6591931002782779
0,bank_income_multiplier,6.08695652173913,0.7319143658744168
0,bank_income_multiplier,6.08695652173913,0.730395360293516
0,bank_income_multiplier,6.08695652173913,0.7268363336825675
0,bank_income_multiplier,6.08695652173913,0.774003599739152
0,bank_income_multiplier,6.08695652173913,0.6958073672187515
0,bank_income_multiplier,6.08695652173913,0.7411757281417285
0,bank_income_multiplier,6.08695652173913,0.7531562233797723
0,bank_income_multiplier,6.08695652173913,0.7449550874568617
0,bank_income_multiplier,6.08695652173913,0.7095087165598415
0,bank_income_multiplier,6.08695652173913,0.7338038320533623
0,bank_income_multiplier,6.08695652173913,0.7173884683857881
0,bank_income_multiplier,6.08695652173913,0.7199031348948723
0,bank_income_multiplier,6.08695652173913,0.7342351420599388
0,bank_income_multiplier,6.08695652173913,0.6871889717952813
0,bank_income_multiplier,6.08695652173913,0.7050416970490646
0,bank_income_multiplier,6.08695652173913,0.7145178444451573
0,bank_income_multiplier,6.08695652173913,0.7110371746471865
0,bank_income_multiplier,6.08695652173913,0.7355468053483728
0,bank_income_multiplier,6.08695652173913,0.7004414884600905
0,bank_income_multiplier,6.08695652173913,0.751771005093346
0,bank_income_multiplier,6.08695652173913,0.7610513294993424
0,bank_income_multiplier,6.08695652173913,0.7217129852471107
0,bank_income_multiplier,6.08695652173913,0.7211197439539332
0,bank_income_multiplier,6.08695652173913,0.6919839028061912
0,bank_income_multiplier,6.08695652173913,0.7013152571030404
0,bank_income_multiplier,6.08695652173913,0.6888117697817252
0,bank_income_multiplier,6.08695652173913,0.6700335896966277
0,bank_income_multiplier,6.08695652173913,0.6889760918614511
0,bank_income_multiplier,6.08695652173913,0.7136783369207587
0,bank_income_multiplier,6.08695652173913,0.7499463186224176
0,bank_income_multiplier,6.08695652173913,0.6896824557088366
0,bank_income_multiplier,6.08695652173913,0.6584152483046315
0,bank_income_multiplier,6.08695652173913,0.7096229759202133
0,bank_income_multiplier,6.08695652173913,0.6848368205810568
0,bank_income_multiplier,6.08695652173913,0.7037703918725009
0,bank_income_multiplier,6.08695652173913,0.729953329463593
0,bank_income_multiplier,6.08695652173913,0.7230876877649904
0,bank_income_multiplier,6.08695652173913,0.6924633996623366
0,bank_income_multiplier,6.08695652173913,0.6994426020191221
0,bank_income_multiplier,6.08695652173913,0.6780445923032496
0,bank_income_multiplier,6.08695652173913,0.6854845245974308
0,bank_income_multiplier,6.08695652173913,0.7249902656919788
0,bank_income_multiplier,6.08695652173913,0.7173482708202296
0,bank_income_multiplier,6.08695652173913,0.6786721477141476
0,bank_income_multiplier,6.08695652173913,0.7182155061720231
0,bank_income_multiplier,6.08695652173913,0.7441273626884334
0,bank_income_multiplier,6.08695652173913,0.6660769430512494
0,bank_income_multiplier,6.08695652173913,0.7047609371985741
0,bank_income_multiplier,6.08695652173913,0.7471587445054377
0,bank_income_multiplier,6.956521739130435,0.7472763384781413
0,bank_income_multiplier,6.956521739130435,0.7561048942662401
0,bank_income_multiplier,6.956521739130435,0.72928072590437
0,bank_income_multiplier,6.956521739130435,0.7727553222918335
0,bank_income_multiplier,6.956521739130435,0.6728164560429897
0,bank_income_multiplier,6.956521739130435,0.6703606934321938
0,bank_income_multiplier,6.956521739130435,0.6296605788861644
0,bank_income_multiplier,6.956521739130435,0.7466339985133982
0,bank_income_multiplier,6.956521739130435,0.7235965401759936
0,bank_income_multiplier,6.956521739130435,0.7297308511113827
0,bank_income_multiplier,6.956521739130435,0.7224958178634888
0,bank_income_multiplier,6.956521739130435,0.7209122301583221
0,bank_income_multiplier,6.956521739130435,0.7125437608475892
0,bank_income_multiplier,6.956521739130435,0.6729015516200519
0,bank_income_multiplier,6.956521739130435,0.7112047724105663
0,bank_income_multiplier,6.956521739130435,0.6967937749676543
0,bank_income_multiplier,6.956521739130435,0.704174484996236
0,bank_income_multiplier,6.956521739130435,0.6703458581545271
0,bank_income_multiplier,6.956521739130435,0.705961117080229
0,bank_income_multiplier,6.956521739130435,0.7078828975317256
0,bank_income_multiplier,6.956521739130435,0.6640050779760789
0,bank_income_multiplier,6.956521739130435,0.7365373905223345
0,bank_income_multiplier,6.956521739130435,0.6681594574518279
0,bank_income_multiplier,6.956521739130435,0.7214943842602546
0,bank_income_multiplier,6.956521739130435,0.6643124738437979
0,bank_income_multiplier,6.956521739130435,0.7248419658921786
0,bank_income_multiplier,6.956521739130435,0.6823107592269037
0,bank_income_multiplier,6.956521739130435,0.6952579224483516
0,bank_income_multiplier,6.956521739130435,0.7290551356554826
0,bank_income_multiplier,6.956521739130435,0.6821997338869978
0,bank_income_multiplier,6.956521739130435,0.6747863459643964
0,bank_income_multiplier,6.956521739130435,0.7171317060053963
0,bank_income_multiplier,6.956521739130435,0.7030267484142266
0,bank_income_multiplier,6.956521739130435,0.7481698749989294
0,bank_income_multiplier,6.956521739130435,0.7137955054520332
0,bank_income_multiplier,6.956521739130435,0.6970366351913554
0,bank_income_multiplier,6.956521739130435,0.6942762501033007
0,bank_income_multiplier,6.956521739130435,0.7051688056566018
0,bank_income_multiplier,6.956521739130435,0.7089557437025942
0,bank_income_multiplier,6.956521739130435,0.699140252548169
0,bank_income_multiplier,6.956521739130435,0.7033976220531952
0,bank_income_multiplier,6.956521739130435,0.7211598993766994
0,bank_income_multiplier,6.956521739130435,0.7366210973060612
0,bank_income_multiplier,6.956521739130435,0.7079803523683237
0,bank_income_multiplier,6.956521739130435,0.6765609362923014
0,bank_income_multiplier,6.956521739130435,0.7212857077049427
0,bank_income_multiplier,6.956521739130435,0.6833467192900675
0,bank_income_multiplier,6.956521739130435,0.7477636811774112
0,bank_income_multiplier,6.956521739130435,0.7339219352763584
0,bank_income_multiplier,6.956521739130435,0.6875414282673108
0,bank_income_multiplier,7.826086956521739,0.708295274536017
0,bank_income_multiplier,7.826086956521739,0.7040023404890939
0,bank_income_multiplier,7.826086956521739,0.7304208609377559
0,bank_income_multiplier,7.826086956521739,0.7324666190025816
0,bank_income_multiplier,7.826086956521739,0.6543606384832437
0,bank_income_multiplier,7.826086956521739,0.7041002073809692
0,bank_income_multiplier,7.826086956521739,0.7245694467106344
0,bank_income_multiplier,7.826086956521739,0.7038375606367915
0,bank_income_multiplier,7.826086956521739,0.732690710310626
0,bank_income_multiplier,7.826086956521739,0.7205485663447944
0,bank_income_multiplier,7.826086956521739,0.6979777343882992
0,bank_income_multiplier,7.826086956521739,0.7430371515627586
0,bank_income_multiplier,7.826086956521739,0.7156284547379701
0,bank_income_multiplier,7.826086956521739,0.7169617293354181
0,bank_income_multiplier,7.826086956521739,0.7053106957569425
0,bank_income_multiplier,7.826086956521739,0.719159708011364
0,bank_income_multiplier,7.826086956521739,0.7486578200173684
0,bank_income_multiplier,7.826086956521739,0.7076900651182653
0,bank_income_multiplier,7.826086956521739,0.6675284395192007
0,bank_income_multiplier,7.826086956521739,0.7043462134733887
0,bank_income_multiplier,7.826086956521739,0.6571594084814535
0,bank_income_multiplier,7.826086956521739,0.6477113696128549
0,bank_income_multiplier,7.826086956521739,0.716871573383646
0,bank_income_multiplier,7.826086956521739,0.721276913395219
0,bank_income_multiplier,7.826086956521739,0.6893482834889846
0,bank_income_multiplier,7.826086956521739,0.7320489116075537
0,bank_income_multiplier,7.826086956521739,0.6631179545360613
0,bank_income_multiplier,7.826086956521739,0.7109989069652918
0,bank_income_multiplier,7.826086956521739,0.7324778637748066
0,bank_income_multiplier,7.826086956521739,0.6999546753890127
0,bank_income_multiplier,7.826086956521739,0.6741731730544853
0,bank_income_multiplier,7.826086956521739,0.6834560098304591
0,bank_income_multiplier,7.826086956521739,0.7169231305860749
0,bank_income_multiplier,7.826086956521739,0.7049364766080445
0,bank_income_multiplier,7.826086956521739,0.7202187203298209
0,bank_income_multiplier,7.826086956521739,0.7035443937830179
0,bank_income_multiplier,7.826086956521739,0.6978541202753288
0,bank_income_multiplier,7.826086956521739,0.6983998973532396
0,bank_income_multiplier,7.826086956521739,0.6675097590270204
0,bank_income_multiplier,7.826086956521739,0.6923242775156951
0,bank_income_multiplier,7.826086956521739,0.6837486026476386
0,bank_income_multiplier,7.826086956521739,0.6919165288340514
0,bank_income_multiplier,7.826086956521739,0.7073986086607706
0,bank_income_multiplier,7.826086956521739,0.6841491753838739
0,bank_income_multiplier,7.826086956521739,0.7295096441886738
0,bank_income_multiplier,7.826086956521739,0.6900716558313712
0,bank_income_multiplier,7.826086956521739,0.6604147646813008
0,bank_income_multiplier,7.826086956521739,0.7222734928976123
0,bank_income_multiplier,7.826086956521739,0.699889941285331
0,bank_income_multiplier,7.826086956521739,0.7395229827461323
0,bank_income_multiplier,8.695652173913043,0.668895402525253
0,bank_income_multiplier,8.695652173913043,0.6951329187872085
0,bank_income_multiplier,8.695652173913043,0.6667801957915742
0,bank_income_multiplier,8.695652173913043,0.6800542247437653
0,bank_income_multiplier,8.695652173913043,0.6718496580208224
0,bank_income_multiplier,8.695652173913043,0.7119232409934633
0,bank_income_multiplier,8.695652173913043,0.7135973634469962
0,bank_income_multiplier,8.695652173913043,0.7048304677509536
0,bank_income_multiplier,8.695652173913043,0.6680566134653336
0,bank_income_multiplier,8.695652173913043,0.717065120119689
0,bank_income_multiplier,8.695652173913043,0.7230114321534495
0,bank_income_multiplier,8.695652173913043,0.6860989164583301
0,bank_income_multiplier,8.695652173913043,0.69388821733729
0,bank_income_multiplier,8.695652173913043,0.7568024474352822
0,bank_income_multiplier,8.695652173913043,0.6888544692127897
0,bank_income_multiplier,8.695652173913043,0.6492535036265747
0,bank_income_multiplier,8.695652173913043,0.7653375135816849
0,bank_income_multiplier,8.695652173913043,0.6561663604793501
0,bank_income_multiplier,8.695652173913043,0.697695729049745
0,bank_income_multiplier,8.695652173913043,0.7112085133444808
0,bank_income_multiplier,8.695652173913043,0.7266698526205592
0,bank_income_multiplier,8.695652173913043,0.7227186332642779
0,bank_income_multiplier,8.695652173913043,0.7385628051573875
0,bank_income_multiplier,8.695652173913043,0.7263736489091365
0,bank_income_multiplier,8.695652173913043,0.7116409753736616
0,bank_income_multiplier,8.695652173913043,0.6813963853597972
0,bank_income_multiplier,8.695652173913043,0.6853575735972137
0,bank_income_multiplier,8.695652173913043,0.6817016577841991
0,bank_income_multiplier,8.695652173913043,0.671564523448398
0,bank_income_multiplier,8.695652173913043,0.710025013449399
0,bank_income_multiplier,8.695652173913043,0.7144806533825665
0,bank_income_multiplier,8.695652173913043,0.6684431923467276
0,bank_income_multiplier,8.695652173913043,0.7105101799217928
0,bank_income_multiplier,8.695652173913043,0.7290165905639683
0,bank_income_multiplier,8.695652173913043,0.6954479326260233
0,bank_income_multiplier,8.695652173913043,0.7062531460763607
0,bank_income_multiplier,8.695652173913043,0.7064189730962341
0,bank_income_multiplier,8.695652173913043,0.7293916842526689
0,bank_income_multiplier,8.695652173913043,0.7012142121498731
0,bank_income_multiplier,8.695652173913043,0.692021478349099
0,bank_income_multiplier,8.695652173913043,0.7263241891349324
0,bank_income_multiplier,8.695652173913043,0.6566484319451221
0,bank_income_multiplier,8.695652173913043,0.6582153655748372
0,bank_income_multiplier,8.695652173913043,0.6737930896266865
0,bank_income_multiplier,8.695652173913043,0.7203303493833915
0,bank_income_multiplier,8.695652173913043,0.6538486986993632
0,bank_income_multiplier,8.695652173913043,0.7087324956812577
0,bank_income_multiplier,8.695652173913043,0.6599046136111584
0,bank_income_multiplier,8.695652173913043,0.6985469182077318
0,bank_income_multiplier,8.695652173913043,0.7397542846383689
0,bank_income_multiplier,9.565217391304348,0.7260167076858035
0,bank_income_multiplier,9.565217391304348,0.6887075377004677
0,bank_income_multiplier,9.565217391304348,0.7229577406943484
0,bank_income_multiplier,9.565217391304348,0.7356491405210264
0,bank_income_multiplier,9.565217391304348,0.7165138906492355
0,bank_income_multiplier,9.565217391304348,0.7270657436208814
0,bank_income_multiplier,9.565217391304348,0.6841987858759115
0,bank_income_multiplier,9.565217391304348,0.7114648134176369
0,bank_income_multiplier,9.565217391304348,0.7049270138476721
0,bank_income_multiplier,9.565217391304348,0.7088339920662428
0,bank_income_multiplier,9.565217391304348,0.723263523624076
0,bank_income_multiplier,9.565217391304348,0.7091586721004063
0,bank_income_multiplier,9.565217391304348,0.7026604119473471
0,bank_income_multiplier,9.565217391304348,0.6789619389126582
0,bank_income_multiplier,9.565217391304348,0.725058526586877
0,bank_income_multiplier,9.565217391304348,0.696705182426081
0,bank_income_multiplier,9.565217391304348,0.6759814081761307
0,bank_income_multiplier,9.565217391304348,0.7080344698782206
0,bank_income_multiplier,9.565217391304348,0.7330325673686487
0,bank_income_multiplier,9.565217391304348,0.7577609998000973
0,bank_income_multiplier,9.565217391304348,0.649441230507833
0,bank_income_multiplier,9.565217391304348,0.7064159888492889
0,bank_income_multiplier,9.565217391304348,0.6858460854072246
0,bank_income_multiplier,9.565217391304348,0.692886427317321
0,bank_income_multiplier,9.565217391304348,0.7198666484622861
0,bank_income_multiplier,9.565217391304348,0.6607042387840678
0,bank_income_multiplier,9.565217391304348,0.6848021932153843
0,bank_income_multiplier,9.565217391304348,0.7303637698586374
0,bank_income_multiplier,9.565217391304348,0.7355424808647733
0,bank_income_multiplier,9.565217391304348,0.7063195397960909
0,bank_income_multiplier,9.565217391304348,0.7088082140778563
0,bank_income_multiplier,9.565217391304348,0.7346886614650244
0,bank_income_multiplier,9.565217391304348,0.7307444254951245
0,bank_income_multiplier,9.565217391304348,0.7530104634112001
0,bank_income_multiplier,9.565217391304348,0.7000951133067381
0,bank_income_multiplier,9.565217391304348,0.7321947977068842
0,bank_income_multiplier,9.565217391304348,0.7119500484222531
0,bank_income_multiplier,9.565217391304348,0.7055778585721286
0,bank_income_multiplier,9.565217391304348,0.7061575482863593
0,bank_income_multiplier,9.565217391304348,0.7468686313019882
0,bank_income_multiplier,9.565217391304348,0.701449279596357
0,bank_income_multiplier,9.565217391304348,0.6884401553266256
0,bank_income_multiplier,9.565217391304348,0.668163757576484
0,bank_income_multiplier,9.565217391304348,0.6614789945006382
0,bank_income_multiplier,9.565217391304348,0.736872889038256
0,bank_income_multiplier,9.565217391304348,0.6937902118335333
0,bank_income_multiplier,9.565217391304348,0.6650339272898677
0,bank_income_multiplier,9.565217391304348,0.731651155773853
0,bank_income_multiplier,9.565217391304348,0.6750136822056845
0,bank_income_multiplier,9.565217391304348,0.6718875426633859
0,bank_income_multiplier,10.434782608695652,0.7218866674706436
0,bank_income_multiplier,10.434782608695652,0.6762662490665025
0,bank_income_multiplier,10.434782608695652,0.7171074401619911
0,bank_income_multiplier,10.434782608695652,0.7216696816205794
0,bank_income_multiplier,10.434782608695652,0.7183960776272786
0,bank_income_multiplier,10.434782608695652,0.6657522468388917
0,bank_income_multiplier,10.434782608695652,0.6877539027695282
0,bank_income_multiplier,10.434782608695652,0.7599032419657982
0,bank_income_multiplier,10.434782608695652,0.708553369989258
0,bank_income_multiplier,10.434782608695652,0.7119965359635752
0,bank_income_multiplier,10.434782608695652,0.6674691530649204
0,bank_income_multiplier,10.434782608695652,0.6926204870111127
0,bank_income_multiplier,10.434782608695652,0.7217984120839704
0,bank_income_multiplier,10.434782608695652,0.7148293095132718
0,bank_income_multiplier,10.434782608695652,0.7166786277367867
0,bank_income_multiplier,10.434782608695652,0.70660597040754
0,bank_income_multiplier,10.434782608695652,0.7379451976822639
0,bank_income_multiplier,10.434782608695652,0.7317445747800053
0,bank_income_multiplier,10.434782608695652,0.7013904590600287
0,bank_income_multiplier,10.434782608695652,0.795358542498509
0,bank_income_multiplier,10.434782608695652,0.7390422691541744
0,bank_income_multiplier,10.434782608695652,0.6820287841645145
0,bank_income_multiplier,10.434782608695652,0.734633481046144
0,bank_income_multiplier,10.434782608695652,0.7149617326031544
0,bank_income_multiplier,10.434782608695652,0.721302376637067
0,bank_income_multiplier,10.434782608695652,0.7093014655307474
0,bank_income_multiplier,10.434782608695652,0.7410558804649269
0,bank_income_multiplier,10.434782608695652,0.7054995809727691
0,bank_income_multiplier,10.434782608695652,0.7262447315216842
0,bank_income_multiplier,10.434782608695652,0.722346693530484
0,bank_income_multiplier,10.434782608695652,0.7214026583180827
0,bank_income_multiplier,10.434782608695652,0.6890524386396363
0,bank_income_multiplier,10.434782608695652,0.6607320291710698
0,bank_income_multiplier,10.434782608695652,0.7605553289177014
0,bank_income_multiplier,10.434782608695652,0.6775328245285605
0,bank_income_multiplier,10.434782608695652,0.7222321298923531
0,bank_income_multiplier,10.434782608695652,0.7464366407198513
0,bank_income_multiplier,10.434782608695652,0.7553554226130719
0,bank_income_multiplier,10.434782608695652,0.7050351166253694
0,bank_income_multiplier,10.434782608695652,0.6962200456473256
0,bank_income_multiplier,10.434782608695652,0.6947683214951252
0,bank_income_multiplier,10.434782608695652,0.6849084735200572
0,bank_income_multiplier,10.434782608695652,0.6975485657673004
0,bank_income_multiplier,10.434782608695652,0.7065132298777529
0,bank_income_multiplier,10.434782608695652,0.695744503974773
0,bank_income_multiplier,10.434782608695652,0.7658383165613342
0,bank_income_multiplier,10.434782608695652,0.7314518186423411
0,bank_income_multiplier,10.434782608695652,0.7114520731704629
0,bank_income_multiplier,10.434782608695652,0.6963439759229635
0,bank_income_multiplier,10.434782608695652,0.7462517563054463
0,bank_income_multiplier,11.304347826086957,0.7113037083748818
0,bank_income_multiplier,11.304347826086957,0.6926143861101935
0,bank_income_multiplier,11.304347826086957,0.7189697171050401
0,bank_income_multiplier,11.304347826086957,0.7159329680361525
0,bank_income_multiplier,11.304347826086957,0.7002626808993859
0,bank_income_multiplier,11.304347826086957,0.7232637680668819
0,bank_income_multiplier,11.304347826086957,0.7214951803870271
0,bank_income_multiplier,11.304347826086957,0.7341591689130657
0,bank_income_multiplier,11.304347826086957,0.6581442642589543
0,bank_income_multiplier,11.304347826086957,0.7010490028942674
0,bank_income_multiplier,11.304347826086957,0.697155255629282
0,bank_income_multiplier,11.304347826086957,0.7177627398615394
0,bank_income_multiplier,11.304347826086957,0.7160161955857242
0,bank_income_multiplier,11.304347826086957,0.7357844210752985
0,bank_income_multiplier,11.304347826086957,0.6997761434816951
0,bank_income_multiplier,11.304347826086957,0.7380568080131962
0,bank_income_multiplier,11.304347826086957,0.723358846164378
0,bank_income_multiplier,11.304347826086957,0.6927502264159219
0,bank_income_multiplier,11.304347826086957,0.7119301375852616
0,bank_income_multiplier,11.304347826086957,0.6840904722722748
0,bank_income_multiplier,11.304347826086957,0.6882560112284014
0,bank_income_multiplier,11.304347826086957,0.6052242843873796
0,bank_income_multiplier,11.304347826086957,0.6642350628845641
0,bank_income_multiplier,11.304347826086957,0.7312976252236534
0,bank_income_multiplier,11.304347826086957,0.7285308308177546
0,bank_income_multiplier,11.304347826086957,0.7060815263768168
0,bank_income_multiplier,11.304347826086957,0.6710771287133709
0,bank_income_multiplier,11.304347826086957,0.7175315344573553
0,bank_income_multiplier,11.304347826086957,0.6753484592823494
0,bank_income_multiplier,11.304347826086957,0.6981098935902315
0,bank_income_multiplier,11.304347826086957,0.7029549314055101
0,bank_income_multiplier,11.304347826086957,0.692877487566988
0,bank_income_multiplier,11.304347826086957,0.730420910261711
0,bank_income_multiplier,11.304347826086957,0.704710882389016
0,bank_income_multiplier,11.304347826086957,0.7256359594372003
0,bank_income_multiplier,11.304347826086957,0.6979940317782405
0,bank_income_multiplier,11.304347826086957,0.6913233117200713
0,bank_income_multiplier,11.304347826086957,0.7179322463603176
0,bank_income_multiplier,11.304347826086957,0.6503894763619162
0,bank_income_multiplier,11.304347826086957,0.7199265614471092
0,bank_income_multiplier,11.304347826086957,0.6915346888416561
0,bank_income_multiplier,11.304347826086957,0.7064964016279704
0,bank_income_multiplier,11.304347826086957,0.7233645374555787
0,bank_income_multiplier,11.304347826086957,0.7112066775424702
0,bank_income_multiplier,11.304347826086957,0.7127606520198732
0,bank_income_multiplier,11.304347826086957,0.7686574388901972
0,bank_income_multiplier,11.304347826086957,0.6877249461387639
0,bank_income_multiplier,11.304347826086957,0.7219542893753829
0,bank_income_multiplier,11.304347826086957,0.713604853956678
0,bank_income_multiplier,11.304347826086957,0.7200437413019236
0,bank_income_multiplier,12.17391304347826,0.7291307705930578
0,bank_income_multiplier,12.17391304347826,0.7145182973233646
0,bank_income_multiplier,12.17391304347826,0.6678844546471799
0,bank_income_multiplier,12.17391304347826,0.7271563255591165
0,bank_income_multiplier,12.17391304347826,0.6897157267385162
0,bank_income_multiplier,12.17391304347826,0.6831728353130295
0,bank_income_multiplier,12.17391304347826,0.7772493673622273
0,bank_income_multiplier,12.17391304347826,0.7093624825590392
0,bank_income_multiplier,12.17391304347826,0.6904076027397299
0,bank_income_multiplier,12.17391304347826,0.7039343686847512
0,bank_income_multiplier,12.17391304347826,0.7210474793252548
0,bank_income_multiplier,12.17391304347826,0.7101679849900494
0,bank_income_multiplier,12.17391304347826,0.7196971714129097
0,bank_income_multiplier,12.17391304347826,0.7217701625289819
0,bank_income_multiplier,12.17391304347826,0.6723254041185183
0,bank_income_multiplier,12.17391304347826,0.7412883345785544
0,bank_income_multiplier,12.17391304347826,0.6753050142022321
0,bank_income_multiplier,12.17391304347826,0.7115435924369198
0,bank_income_multiplier,12.17391304347826,0.7177681189039147
0,bank_income_multiplier,12.17391304347826,0.6899008301299135
0,bank_income_multiplier,12.17391304347826,0.6951777239809015
0,bank_income_multiplier,12.17391304347826,0.6944770596570762
0,bank_income_multiplier,12.17391304347826,0.6759604416279217
0,bank_income_multiplier,12.17391304347826,0.7468717731133411
0,bank_income_multiplier,12.17391304347826,0.6818885197810537
0,bank_income_multiplier,12.17391304347826,0.6820636233021269
0,bank_income_multiplier,12.17391304347826,0.652398658549702
0,bank_income_multiplier,12.17391304347826,0.6681606317273417
0,bank_income_multiplier,12.17391304347826,0.7391220981101063
0,bank_income_multiplier,12.17391304347826,0.7234671939095303
0,bank_income_multiplier,12.17391304347826,0.7201903549881578
0,bank_income_multiplier,12.17391304347826,0.6836612606283418
0,bank_income_multiplier,12.17391304347826,0.7250966726882333
0,bank_income_multiplier,12.17391304347826,0.6869721690395023
0,bank_income_multiplier,12.17391304347826,0.6820151457072625
0,bank_income_multiplier,12.17391304347826,0.6605928785617087
0,bank_income_multiplier,12.17391304347826,0.678035931242002
0,bank_income_multiplier,12.17391304347826,0.678943513905935
0,bank_income_multiplier,12.17391304347826,0.6934995715410998
0,bank_income_multiplier,12.17391304347826,0.7255511621370343
0,bank_income_multiplier,12.17391304347826,0.7017222760933484
0,bank_income_multiplier,12.17391304347826,0.7075504455031931
0,bank_income_multiplier,12.17391304347826,0.6442570847775759
0,bank_income_multiplier,12.17391304347826,0.675832544065368
0,bank_income_multiplier,12.17391304347826,0.6459367701913091
0,bank_income_multiplier,12.17391304347826,0.6469479847399622
0,bank_income_multiplier,12.17391304347826,0.7198626023322039
0,bank_income_multiplier,12.17391304347826,0.7586060547457533
0,bank_income_multiplier,12.17391304347826,0.6839062856817195
0,bank_income_multiplier,12.17391304347826,0.7216871229295648
0,bank_income_multiplier,13.043478260869565,0.6602316535057834
0,bank_income_multiplier,13.043478260869565,0.685370432990286
0,bank_income_multiplier,13.043478260869565,0.7202466118292226
0,bank_income_multiplier,13.043478260869565,0.7453187494932619
0,bank_income_multiplier,13.043478260869565,0.7116560058770408
0,bank_income_multiplier,13.043478260869565,0.7077053991260661
0,bank_income_multiplier,13.043478260869565,0.6864831621696547
0,bank_income_multiplier,13.043478260869565,0.6886202806556001
0,bank_income_multiplier,13.043478260869565,0.6872828815257694
0,bank_income_multiplier,13.043478260869565,0.7079395251015548
0,bank_income_multiplier,13.043478260869565,0.7496969429252306
0,bank_income_multiplier,13.043478260869565,0.6843625221207834
0,bank_income_multiplier,13.043478260869565,0.6347119039665188
0,bank_income_multiplier,13.043478260869565,0.6641125218676468
0,bank_income_multiplier,13.043478260869565,0.7026464085680381
0,bank_income_multiplier,13.043478260869565,0.7453250317827722
0,bank_income_multiplier,13.043478260869565,0.7954240239912843
0,bank_income_multiplier,13.043478260869565,0.6652487609923734
0,bank_income_multiplier,13.043478260869565,0.699373881172112
0,bank_income_multiplier,13.043478260869565,0.7361489901780232
0,bank_income_multiplier,13.043478260869565,0.6593012923570247
0,bank_income_multiplier,13.043478260869565,0.6753837010239803
0,bank_income_multiplier,13.043478260869565,0.7019332937368633
0,bank_income_multiplier,13.043478260869565,0.7296459442530118
0,bank_income_multiplier,13.043478260869565,0.7174774292256466
0,bank_income_multiplier,13.043478260869565,0.7295455377859599
0,bank_income_multiplier,13.043478260869565,0.680077665382707
0,bank_income_multiplier,13.043478260869565,0.7262001629628857
0,bank_income_multiplier,13.043478260869565,0.7020830125092347
0,bank_income_multiplier,13.043478260869565,0.7203645490636317
0,bank_income_multiplier,13.043478260869565,0.7446724381310688
0,bank_income_multiplier,13.043478260869565,0.6972284952578204
0,bank_income_multiplier,13.043478260869565,0.7184914466557292
0,bank_income_multiplier,13.043478260869565,0.7030128828618879
0,bank_income_multiplier,13.043478260869565,0.7190728264995708
0,bank_income_multiplier,13.043478260869565,0.6948461884249367
0,bank_income_multiplier,13.043478260869565,0.7221817055014679
0,bank_income_multiplier,13.043478260869565,0.6819425129638605
0,bank_income_multiplier,13.043478260869565,0.6759150608945038
0,bank_income_multiplier,13.043478260869565,0.7110502889644383
0,bank_income_multiplier,13.043478260869565,0.7068964098633276
0,bank_income_multiplier,13.043478260869565,0.7261409460346888
0,bank_income_multiplier,13.043478260869565,0.7497781906941432
0,bank_income_multiplier,13.043478260869565,0.6884871086705646
0,bank_income_multiplier,13.043478260869565,0.6725148444547427
0,bank_income_multiplier,13.043478260869565,0.689739899955181
0,bank_income_multiplier,13.043478260869565,0.7051307926144149
0,bank_income_multiplier,13.043478260869565,0.6547801758389997
0,bank_income_multiplier,13.043478260869565,0.7066659666118195
0,bank_income_multiplier,13.043478260869565,0.7179685892171667
0,bank_income_multiplier,13.91304347826087,0.6914072773747995
0,bank_income_multiplier,13.91304347826087,0.7482403881524861
0,bank_income_multiplier,13.91304347826087,0.7099091616807062
0,bank_income_multiplier,13.91304347826087,0.6476012464399266
0,bank_income_multiplier,13.91304347826087,0.6648756020723883
0,bank_income_multiplier,13.91304347826087,0.6758991903821109
0,bank_income_multiplier,13.91304347826087,0.6679526224710878
0,bank_income_multiplier,13.91304347826087,0.6912413078490917
0,bank_income_multiplier,13.91304347826087,0.7316726316065368
0,bank_income_multiplier,13.91304347826087,0.7300514844888288
0,bank_income_multiplier,13.91304347826087,0.7071241710824646
0,bank_income_multiplier,13.91304347826087,0.7143464544334968
0,bank_income_multiplier,13.91304347826087,0.6701847288011823
0,bank_income_multiplier,13.91304347826087,0.6618170804275736
0,bank_income_multiplier,13.91304347826087,0.7031637884997776
0,bank_income_multiplier,13.91304347826087,0.711740689311694
0,bank_income_multiplier,13.91304347826087,0.6607778237735359
0,bank_income_multiplier,13.91304347826087,0.6850394314354952
0,bank_income_multiplier,13.91304347826087,0.7278093263368657
0,bank_income_multiplier,13.91304347826087,0.6773450075203091
0,bank_income_multiplier,13.91304347826087,0.7602920752488397
0,bank_income_multiplier,13.91304347826087,0.6955041661179833
0,bank_income_multiplier,13.91304347826087,0.7195183863707301
0,bank_income_multiplier,13.91304347826087,0.6673283073696337
0,bank_income_multiplier,13.91304347826087,0.6992072289989104
0,bank_income_multiplier,13.91304347826087,0.7085483256214679
0,bank_income_multiplier,13.91304347826087,0.7846639090302366
0,bank_income_multiplier,13.91304347826087,0.728800205524506
0,bank_income_multiplier,13.91304347826087,0.7136833152346471
0,bank_income_multiplier,13.91304347826087,0.6797686738550326
0,bank_income_multiplier,13.91304347826087,0.661358378226511
0,bank_income_multiplier,13.91304347826087,0.6926980942045734
0,bank_income_multiplier,13.91304347826087,0.720909423577087
0,bank_income_multiplier,13.91304347826087,0.695006942845027
0,bank_income_multiplier,13.91304347826087,0.6998611539939371
0,bank_income_multiplier,13.91304347826087,0.6797659493430748
0,bank_income_multiplier,13.91304347826087,0.7455378140110611
0,bank_income_multiplier,13.91304347826087,0.6801500552801237
0,bank_income_multiplier,13.91304347826087,0.7358321568657451
0,bank_income_multiplier,13.91304347826087,0.7452366058569451
0,bank_income_multiplier,13.91304347826087,0.7578844583858948
0,bank_income_multiplier,13.91304347826087,0.7032381316162273
0,bank_income_multiplier,13.91304347826087,0.7151402716838184
0,bank_income_multiplier,13.91304347826087,0.708477536797815
0,bank_income_multiplier,13.91304347826087,0.6970521875066235
0,bank_income_multiplier,13.91304347826087,0.7476766774360635
0,bank_income_multiplier,13.91304347826087,0.7269972077093924
0,bank_income_multiplier,13.91304347826087,0.7044304589587824
0,bank_income_multiplier,13.91304347826087,0.751457859081047
0,bank_income_multiplier,13.91304347826087,0.6827866917193745
0,bank_income_multiplier,14.782608695652174,0.679495935842673
0,bank_income_multiplier,14.782608695652174,0.6529813539265126
0,bank_income_multiplier,14.782608695652174,0.6927786505778564
0,bank_income_multiplier,14.782608695652174,0.7363687508874742
0,bank_income_multiplier,14.782608695652174,0.7144614357674702
0,bank_income_multiplier,14.782608695652174,0.6718618086750954
0,bank_income_multiplier,14.782608695652174,0.6947319203896252
0,bank_income_multiplier,14.782608695652174,0.6798355103570971
0,bank_income_multiplier,14.782608695652174,0.7161362423129628
0,bank_income_multiplier,14.782608695652174,0.6540901424182555
0,bank_income_multiplier,14.782608695652174,0.7264516375690598
0,bank_income_multiplier,14.782608695652174,0.6669468707088202
0,bank_income_multiplier,14.782608695652174,0.7096346307642287
0,bank_income_multiplier,14.782608695652174,0.6983142463532419
0,bank_income_multiplier,14.782608695652174,0.7926482433010221
0,bank_income_multiplier,14.782608695652174,0.7148456980288533
0,bank_income_multiplier,14.782608695652174,0.7160220263642377
0,bank_income_multiplier,14.782608695652174,0.6594384568595381
0,bank_income_multiplier,14.782608695652174,0.7380498492274158
0,bank_income_multiplier,14.782608695652174,0.709160608355445
0,bank_income_multiplier,14.782608695652174,0.6790838050225979
0,bank_income_multiplier,14.782608695652174,0.7305604731984122
0,bank_income_multiplier,14.782608695652174,0.7159595375730985
0,bank_income_multiplier,14.782608695652174,0.7343438490488601
0,bank_income_multiplier,14.782608695652174,0.7425593455066529
0,bank_income_multiplier,14.782608695652174,0.7632941007892071
0,bank_income_multiplier,14.782608695652174,0.6839366516715857
0,bank_income_multiplier,14.782608695652174,0.7428351215852405
0,bank_income_multiplier,14.782608695652174,0.7599855959532081
0,bank_income_multiplier,14.782608695652174,0.6855947810263383
0,bank_income_multiplier,14.782608695652174,0.691304082982158
0,bank_income_multiplier,14.782608695652174,0.6495184865541379
0,bank_income_multiplier,14.782608695652174,0.6999771395954982
0,bank_income_multiplier,14.782608695652174,0.6950086537809184
0,bank_income_multiplier,14.782608695652174,0.6903516253737833
0,bank_income_multiplier,14.782608695652174,0.7026218508537101
0,bank_income_multiplier,14.782608695652174,0.718515807125735
0,bank_income_multiplier,14.782608695652174,0.6677117029155629
0,bank_income_multiplier,14.782608695652174,0.7306150884525517
0,bank_income_multiplier,14.782608695652174,0.6943419073126094
0,bank_income_multiplier,14.782608695652174,0.6747358441838168
0,bank_income_multiplier,14.782608695652174,0.7322984312384525
0,bank_income_multiplier,14.782608695652174,0.7025221573734719
0,bank_income_multiplier,14.782608695652174,0.7207753392229255
0,bank_income_multiplier,14.782608695652174,0.6722135517744673
0,bank_income_multiplier,14.782608695652174,0.7149861377696927
0,bank_income_multiplier,14.782608695652174,0.6835296945390115
0,bank_income_multiplier,14.782608695652174,0.8093248277002288
0,bank_income_multiplier,14.782608695652174,0.7360306170971118
0,bank_income_multiplier,14.782608695652174,0.7505966380159799
0,bank_income_multiplier,15.652173913043478,0.7393004199697468
0,bank_income_multiplier,15.652173913043478,0.704158159421089
0,bank_income_multiplier,15.652173913043478,0.7444266905144664
0,bank_income_multiplier,15.652173913043478,0.7231002192993662
0,bank_income_multiplier,15.652173913043478,0.6830171343263736
0,bank_income_multiplier,15.652173913043478,0.7066716324695419
0,bank_income_multiplier,15.652173913043478,0.6699498265733822
0,bank_income_multiplier,15.652173913043478,0.6967906914831047
0,bank_income_multiplier,15.652173913043478,0.713434215642737
0,bank_income_multiplier,15.652173913043478,0.7235967277883681
0,bank_income_multiplier,15.652173913043478,0.7212380769555468
0,bank_income_multiplier,15.652173913043478,0.698822196091699
0,bank_income_multiplier,15.652173913043478,0.6758014244345589
0,bank_income_multiplier,15.652173913043478,0.7277030525560513
0,bank_income_multiplier,15.652173913043478,0.7300157034873983
0,bank_income_multiplier,15.652173913043478,0.7518255915995835
0,bank_income_multiplier,15.652173913043478,0.6936808548079824
0,bank_income_multiplier,15.652173913043478,0.7078037451021332
0,bank_income_multiplier,15.652173913043478,0.6750180972983872
0,bank_income_multiplier,15.652173913043478,0.7098492957622782
0,bank_income_multiplier,15.652173913043478,0.7060139882399049
0,bank_income_multiplier,15.652173913043478,0.7176586969186841
0,bank_income_multiplier,15.652173913043478,0.6983867355006561
0,bank_income_multiplier,15.652173913043478,0.7022123987370914
0,bank_income_multiplier,15.652173913043478,0.7421772415843152
0,bank_income_multiplier,15.652173913043478,0.7193089736835554
0,bank_income_multiplier,15.652173913043478,0.7243586796798751
0,bank_income_multiplier,15.652173913043478,0.6768591071707999
0,bank_income_multiplier,15.652173913043478,0.7092420458165363
0,bank_income_multiplier,15.652173913043478,0.6624849127665582
0,bank_income_multiplier,15.652173913043478,0.6832779216947049
0,bank_income_multiplier,15.652173913043478,0.7153495112396184
0,bank_income_multiplier,15.652173913043478,0.7208030905158269
0,bank_income_multiplier,15.652173913043478,0.7364587875769811
0,bank_income_multiplier,15.652173913043478,0.693373805880708
0,bank_income_multiplier,15.652173913043478,0.7364313321182688
0,bank_income_multiplier,15.652173913043478,0.7705213865537717
0,bank_income_multiplier,15.652173913043478,0.6687131584860622
0,bank_income_multiplier,15.652173913043478,0.7122064369737634
0,bank_income_multiplier,15.652173913043478,0.6913662638893612
0,bank_income_multiplier,15.652173913043478,0.639303901625983
0,bank_income_multiplier,15.652173913043478,0.7245598102362155
0,bank_income_multiplier,15.652173913043478,0.7235101995641189
0,bank_income_multiplier,15.652173913043478,0.7247415578117729
0,bank_income_multiplier,15.652173913043478,0.7344152079979333
0,bank_income_multiplier,15.652173913043478,0.6777175620379218
0,bank_income_multiplier,15.652173913043478,0.7418108358342396
0,bank_income_multiplier,15.652173913043478,0.732493906649827
0,bank_income_multiplier,15.652173913043478,0.7556545849771268
0,bank_income_multiplier,15.652173913043478,0.7568434156114633
0,bank_income_multiplier,16.52173913043478,0.7010032600003664
0,bank_income_multiplier,16.52173913043478,0.7236647698961878
0,bank_income_multiplier,16.52173913043478,0.7309604059064309
0,bank_income_multiplier,16.52173913043478,0.7143960626118948
0,bank_income_multiplier,16.52173913043478,0.6846861393386668
0,bank_income_multiplier,16.52173913043478,0.7268489277229307
0,bank_income_multiplier,16.52173913043478,0.6375654653375311
0,bank_income_multiplier,16.52173913043478,0.7137375787669433
0,bank_income_multiplier,16.52173913043478,0.6723361488159049
0,bank_income_multiplier,16.52173913043478,0.7010441596713691
0,bank_income_multiplier,16.52173913043478,0.666044087211287
0,bank_income_multiplier,16.52173913043478,0.7393350465644164
0,bank_income_multiplier,16.52173913043478,0.7038792874965993
0,bank_income_multiplier,16.52173913043478,0.6969040846803046
0,bank_income_multiplier,16.52173913043478,0.739982580426611
0,bank_income_multiplier,16.52173913043478,0.7406022292406492
0,bank_income_multiplier,16.52173913043478,0.7117613174661894
0,bank_income_multiplier,16.52173913043478,0.737425104767069
0,bank_income_multiplier,16.52173913043478,0.6928096803987962
0,bank_income_multiplier,16.52173913043478,0.6989802989462365
0,bank_income_multiplier,16.52173913043478,0.7202340648830946
0,bank_income_multiplier,16.52173913043478,0.7216024937694252
0,bank_income_multiplier,16.52173913043478,0.6842821410138227
0,bank_income_multiplier,16.52173913043478,0.7262071504380376
0,bank_income_multiplier,16.52173913043478,0.6973930988140519
0,bank_income_multiplier,16.52173913043478,0.6774774724935331
0,bank_income_multiplier,16.52173913043478,0.6870506741959825
0,bank_income_multiplier,16.52173913043478,0.6918813703249949
0,bank_income_multiplier,16.52173913043478,0.7061338824651526
0,bank_income_multiplier,16.52173913043478,0.6724992160160269
0,bank_income_multiplier,16.52173913043478,0.7026591087714368
0,bank_income_multiplier,16.52173913043478,0.7577279546601866
0,bank_income_multiplier,16.52173913043478,0.6654500043703401
0,bank_income_multiplier,16.52173913043478,0.7278546209644605
0,bank_income_multiplier,16.52173913043478,0.6915480918427093
0,bank_income_multiplier,16.52173913043478,0.6913115593803675
0,bank_income_multiplier,16.52173913043478,0.6916588637061342
0,bank_income_multiplier,16.52173913043478,0.7068837164548493
0,bank_income_multiplier,16.52173913043478,0.7194265876932527
0,bank_income_multiplier,16.52173913043478,0.7262447431455706
0,bank_income_multiplier,16.52173913043478,0.7069899231624865
0,bank_income_multiplier,16.52173913043478,0.664529767306521
0,bank_income_multiplier,16.52173913043478,0.708778030971231
0,bank_income_multiplier,16.52173913043478,0.7387336975721783
0,bank_income_multiplier,16.52173913043478,0.708697576692879
0,bank_income_multiplier,16.52173913043478,0.686536799134718
0,bank_income_multiplier,16.52173913043478,0.6799943598217081
0,bank_income_multiplier,16.52173913043478,0.6876639444190473
0,bank_income_multiplier,16.52173913043478,0.7056492707201456
0,bank_income_multiplier,16.52173913043478,0.7065184085977105
0,bank_income_multiplier,17.391304347826086,0.7301327951783846
0,bank_income_multiplier,17.391304347826086,0.6782888321849277
0,bank_income_multiplier,17.391304347826086,0.7298605491432433
0,bank_income_multiplier,17.391304347826086,0.7120492910977972
0,bank_income_multiplier,17.391304347826086,0.7349743569325594
0,bank_income_multiplier,17.391304347826086,0.688445984072072
0,bank_income_multiplier,17.391304347826086,0.7334914519904182
0,bank_income_multiplier,17.391304347826086,0.7201574139906272
0,bank_income_multiplier,17.391304347826086,0.7470024828840064
0,bank_income_multiplier,17.391304347826086,0.7263519293700106
0,bank_income_multiplier,17.391304347826086,0.7270791321145262
0,bank_income_multiplier,17.391304347826086,0.7390297338165192
0,bank_income_multiplier,17.391304347826086,0.6630798333043008
0,bank_income_multiplier,17.391304347826086,0.6342793108994262
0,bank_income_multiplier,17.391304347826086,0.7247932668951497
0,bank_income_multiplier,17.391304347826086,0.7228806589850794
0,bank_income_multiplier,17.391304347826086,0.691012581788589
0,bank_income_multiplier,17.391304347826086,0.6847324034776096
0,bank_income_multiplier,17.391304347826086,0.7451599255795719
0,bank_income_multiplier,17.391304347826086,0.7407270691405369
0,bank_income_multiplier,17.391304347826086,0.7144665595032553
0,bank_income_multiplier,17.391304347826086,0.6657076367263924
0,bank_income_multiplier,17.391304347826086,0.7204697862804538
0,bank_income_multiplier,17.391304347826086,0.6707391020658541
0,bank_income_multiplier,17.391304347826086,0.6823426749657705
0,bank_income_multiplier,17.391304347826086,0.7272135356091529
0,bank_income_multiplier,17.391304347826086,0.7214512456350017
0,bank_income_multiplier,17.391304347826086,0.7638434241592634
0,bank_income_multiplier,17.391304347826086,0.6974325992008054
0,bank_income_multiplier,17.391304347826086,0.7666365137020633
0,bank_income_multiplier,17.391304347826086,0.7192197256809567
0,bank_income_multiplier,17.391304347826086,0.742771782440263
0,bank_income_multiplier,17.391304347826086,0.7355660541921107
0,bank_income_multiplier,17.391304347826086,0.7158237354340783
0,bank_income_multiplier,17.391304347826086,0.768150858856812
0,bank_income_multiplier,17.391304347826086,0.704725447873685
0,bank_income_multiplier,17.391304347826086,0.6772019413074399
0,bank_income_multiplier,17.391304347826086,0.730565286323234
0,bank_income_multiplier,17.391304347826086,0.6758779344576115
0,bank_income_multiplier,17.391304347826086,0.7209573905619752
0,bank_income_multiplier,17.391304347826086,0.7846441714374913
0,bank_income_multiplier,17.391304347826086,0.7630421345920223
0,bank_income_multiplier,17.391304347826086,0.7068324571447461
0,bank_income_multiplier,17.391304347826086,0.6435128579735776
0,bank_income_multiplier,17.391304347826086,0.7452699120460199
0,bank_income_multiplier,17.391304347826086,0.7304859989584719
0,bank_income_multiplier,17.391304347826086,0.719537771025371
0,bank_income_multiplier,17.391304347826086,0.6625068731140956
0,bank_income_multiplier,17.391304347826086,0.7391826857578926
0,bank_income_multiplier,17.391304347826086,0.712991325375682
0,bank_income_multiplier,18.26086956521739,0.698707014288543
0,bank_income_multiplier,18.26086956521739,0.7497390140297882
0,bank_income_multiplier,18.26086956521739,0.7340614736114225
0,bank_income_multiplier,18.26086956521739,0.7541274170066539
0,bank_income_multiplier,18.26086956521739,0.6916763536158236
0,bank_income_multiplier,18.26086956521739,0.7101970801641844
0,bank_income_multiplier,18.26086956521739,0.6833256645615556
0,bank_income_multiplier,18.26086956521739,0.6928931677441887
0,bank_income_multiplier,18.26086956521739,0.7153550069976705
0,bank_income_multiplier,18.26086956521739,0.7629315674385555
0,bank_income_multiplier,18.26086956521739,0.6953668510286316
0,bank_income_multiplier,18.26086956521739,0.7197317134937091
0,bank_income_multiplier,18.26086956521739,0.7480328694472108
0,bank_income_multiplier,18.26086956521739,0.7452418487569248
0,bank_income_multiplier,18.26086956521739,0.7183389012646989
0,bank_income_multiplier,18.26086956521739,0.6794616960228979
0,bank_income_multiplier,18.26086956521739,0.7314685807978047
0,bank_income_multiplier,18.26086956521739,0.6613576261291035
0,bank_income_multiplier,18.26086956521739,0.7209375571191682
0,bank_income_multiplier,18.26086956521739,0.6797843103355794
0,bank_income_multiplier,18.26086956521739,0.7524440172999095
0,bank_income_multiplier,18.26086956521739,0.6893969520320488
0,bank_income_multiplier,18.26086956521739,0.7391984434200481
0,bank_income_multiplier,18.26086956521739,0.7033526793109591
0,bank_income_multiplier,18.26086956521739,0.7354080690717937
0,bank_income_multiplier,18.26086956521739,0.6809661281304317
0,bank_income_multiplier,18.26086956521739,0.7009890375846591
0,bank_income_multiplier,18.26086956521739,0.7200737666428705
0,bank_income_multiplier,18.26086956521739,0.6843337950933955
0,bank_income_multiplier,18.26086956521739,0.7216026555807228
0,bank_income_multiplier,18.26086956521739,0.6577354948473955
0,bank_income_multiplier,18.26086956521739,0.6688638591561201
0,bank_income_multiplier,18.26086956521739,0.7629149709555509
0,bank_income_multiplier,18.26086956521739,0.7498131980003582
0,bank_income_multiplier,18.26086956521739,0.7220023118387023
0,bank_income_multiplier,18.26086956521739,0.7020942153963609
0,bank_income_multiplier,18.26086956521739,0.7184173074338113
0,bank_income_multiplier,18.26086956521739,0.7517859969423009
0,bank_income_multiplier,18.26086956521739,0.7101567136817978
0,bank_income_multiplier,18.26086956521739,0.7422694427289617
0,bank_income_multiplier,18.26086956521739,0.7072497709758451
0,bank_income_multiplier,18.26086956521739,0.7352762670810599
0,bank_income_multiplier,18.26086956521739,0.7648813537483349
0,bank_income_multiplier,18.26086956521739,0.7003138898526956
0,bank_income_multiplier,18.26086956521739,0.7597879079810482
0,bank_income_multiplier,18.26086956521739,0.6733201111735144
0,bank_income_multiplier,18.26086956521739,0.7516781041827559
0,bank_income_multiplier,18.26086956521739,0.6787742122449002
0,bank_income_multiplier,18.26086956521739,0.7109472922387727
0,bank_income_multiplier,18.26086956521739,0.7051382723335423
0,bank_income_multiplier,19.130434782608695,0.6882744534330485
0,bank_income_multiplier,19.130434782608695,0.7185137911064868
0,bank_income_multiplier,19.130434782608695,0.722598979626318
0,bank_income_multiplier,19.130434782608695,0.7145453415902763
0,bank_income_multiplier,19.130434782608695,0.6736431051743279
0,bank_income_multiplier,19.130434782608695,0.7344054063346835
0,bank_income_multiplier,19.130434782608695,0.7163381077286467
0,bank_income_multiplier,19.130434782608695,0.7658042583586528
0,bank_income_multiplier,19.130434782608695,0.7165273642797714
0,bank_income_multiplier,19.130434782608695,0.7309049896961928
0,bank_income_multiplier,19.130434782608695,0.7105273378760224
0,bank_income_multiplier,19.130434782608695,0.6943046881298746
0,bank_income_multiplier,19.130434782608695,0.6915773862717989
0,bank_income_multiplier,19.130434782608695,0.6822538446163298
0,bank_income_multiplier,19.130434782608695,0.7266612007995222
0,bank_income_multiplier,19.130434782608695,0.6977915353547675
0,bank_income_multiplier,19.130434782608695,0.7153467674361138
0,bank_income_multiplier,19.130434782608695,0.7113374509752362
0,bank_income_multiplier,19.130434782608695,0.6932758771443013
0,bank_income_multiplier,19.130434782608695,0.7125077086282742
0,bank_income_multiplier,19.130434782608695,0.7192757904006893
0,bank_income_multiplier,19.130434782608695,0.7004523941767175
0,bank_income_multiplier,19.130434782608695,0.7087820310517543
0,bank_income_multiplier,19.130434782608695,0.710891417281183
0,bank_income_multiplier,19.130434782608695,0.7314349472656749
0,bank_income_multiplier,19.130434782608695,0.6911437775540545
0,bank_income_multiplier,19.130434782608695,0.674361308657256
0,bank_income_multiplier,19.130434782608695,0.7169107039807905
0,bank_income_multiplier,19.130434782608695,0.7020042903760813
0,bank_income_multiplier,19.130434782608695,0.6790904242391992
0,bank_income_multiplier,19.130434782608695,0.7264680250462513
0,bank_income_multiplier,19.130434782608695,0.7034876225526905
0,bank_income_multiplier,19.130434782608695,0.6240265838610921
0,bank_income_multiplier,19.130434782608695,0.7682854718562306
0,bank_income_multiplier,19.130434782608695,0.6860433702091946
0,bank_income_multiplier,19.130434782608695,0.7447829570178002
0,bank_income_multiplier,19.130434782608695,0.7143752038992002
0,bank_income_multiplier,19.130434782608695,0.6811327062032906
0,bank_income_multiplier,19.130434782608695,0.7302943308733519
0,bank_income_multiplier,19.130434782608695,0.7462853999436772
0,bank_income_multiplier,19.130434782608695,0.7066366887699235
0,bank_income_multiplier,19.130434782608695,0.7199797234963049
0,bank_income_multiplier,19.130434782608695,0.6706662588395442
0,bank_income_multiplier,19.130434782608695,0.7585437077051584
0,bank_income_multiplier,19.130434782608695,0.7300105020238177
0,bank_income_multiplier,19.130434782608695,0.737795403577173
0,bank_income_multiplier,19.130434782608695,0.7497347138760068
0,bank_income_multiplier,19.130434782608695,0.6917137626232016
0,bank_income_multiplier,19.130434782608695,0.6639678750867821
0,bank_income_multiplier,19.130434782608695,0.714722134083293
0,bank_income_multiplier,20.0,0.7153490847348959
0,bank_income_multiplier,20.0,0.68149090369771
0,bank_income_multiplier,20.0,0.7454103258981476
0,bank_income_multiplier,20.0,0.7237712010676611
0,bank_income_multiplier,20.0,0.7227149767127
0,bank_income_multiplier,20.0,0.6470783771954942
0,bank_income_multiplier,20.0,0.705418715995752
0,bank_income_multiplier,20.0,0.7069933297907959
0,bank_income_multiplier,20.0,0.7251806537282848
0,bank_income_multiplier,20.0,0.6928483704410576
0,bank_income_multiplier,20.0,0.7255296444108463
0,bank_income_multiplier,20.0,0.7242748633544629
0,bank_income_multiplier,20.0,0.7025055699267309
0,bank_income_multiplier,20.0,0.6207340829067146
0,bank_income_multiplier,20.0,0.6918148022506927
0,bank_income_multiplier,20.0,0.6691014410818725
0,bank_income_multiplier,20.0,0.7507666333070454
0,bank_income_multiplier,20.0,0.7115017615322335
0,bank_income_multiplier,20.0,0.724095138149277
0,bank_income_multiplier,20.0,0.7136078085147319
0,bank_income_multiplier,20.0,0.7017639930141008
0,bank_income_multiplier,20.0,0.6953797387663911
0,bank_income_multiplier,20.0,0.7200423642017768
0,bank_income_multiplier,20.0,0.6625113837787108
0,bank_income_multiplier,20.0,0.7294201227267898
0,bank_income_multiplier,20.0,0.7475434074372352
0,bank_income_multiplier,20.0,0.7004260015427223
0,bank_income_multiplier,20.0,0.7213139879537049
0,bank_income_multiplier,20.0,0.7278423182006358
0,bank_income_multiplier,20.0,0.6677569579849735
0,bank_income_multiplier,20.0,0.6976257379822786
0,bank_income_multiplier,20.0,0.7221961968369451
0,bank_income_multiplier,20.0,0.7226911842541116
0,bank_income_multiplier,20.0,0.7085223050510769
0,bank_income_multiplier,20.0,0.7024432806066645
0,bank_income_multiplier,20.0,0.6651717875384645
0,bank_income_multiplier,20.0,0.7426348682988887
0,bank_income_multiplier,20.0,0.7401070133769213
0,bank_income_multiplier,20.0,0.6376366131369284
0,bank_income_multiplier,20.0,0.7812113677349157
0,bank_income_multiplier,20.0,0.7297629168433779
0,bank_income_multiplier,20.0,0.6935677346332094
0,bank_income_multiplier,20.0,0.7657260092501028
0,bank_income_multiplier,20.0,0.7024274763451526
0,bank_income_multiplier,20.0,0.6309791498592104
0,bank_income_multiplier,20.0,0.7052202191597968
0,bank_income_multiplier,20.0,0.6850699929824535
0,bank_income_multiplier,20.0,0.7851459570972568
0,bank_income_multiplier,20.0,0.6966382721402892
0,bank_income_multiplier,20.0,0.7541247622819408
