,Variable,Parameter,Gini
0,bank_income_multiplier,0.0,0.3456834717426466
0,bank_income_multiplier,0.0,0.3702420141476568
0,bank_income_multiplier,0.0,0.3602220463458812
0,bank_income_multiplier,0.0,0.2977117000930729
0,bank_income_multiplier,0.0,0.3537324301548232
0,bank_income_multiplier,0.0,0.3351960069637288
0,bank_income_multiplier,0.0,0.37976338198351584
0,bank_income_multiplier,0.0,0.32748508279560745
0,bank_income_multiplier,0.0,0.38496025459202843
0,bank_income_multiplier,0.0,0.37255387306953985
0,bank_income_multiplier,0.0,0.4101155318878071
0,bank_income_multiplier,0.0,0.31915873737406314
0,bank_income_multiplier,0.0,0.348115673871059
0,bank_income_multiplier,0.0,0.3396452814396738
0,bank_income_multiplier,0.0,0.39529194889178515
0,bank_income_multiplier,0.0,0.3719292171448702
0,bank_income_multiplier,0.0,0.3754623941491176
0,bank_income_multiplier,0.0,0.31918412963443393
0,bank_income_multiplier,0.0,0.37135579338634683
0,bank_income_multiplier,0.0,0.358888532418888
0,bank_income_multiplier,0.0,0.3531603761639314
0,bank_income_multiplier,0.0,0.3256174677629996
0,bank_income_multiplier,0.0,0.3847025284213677
0,bank_income_multiplier,0.0,0.4021097929227994
0,bank_income_multiplier,0.0,0.4113935038040234
0,bank_income_multiplier,0.0,0.3585605863842118
0,bank_income_multiplier,0.0,0.3288758663747587
0,bank_income_multiplier,0.0,0.3669133756368577
0,bank_income_multiplier,0.0,0.33433581410307084
0,bank_income_multiplier,0.0,0.3245528334163461
0,bank_income_multiplier,0.0,0.38931708052629954
0,bank_income_multiplier,0.0,0.35785132764768246
0,bank_income_multiplier,0.0,0.3866536894867574
0,bank_income_multiplier,0.0,0.38022540141150674
0,bank_income_multiplier,0.0,0.4102868173488429
0,bank_income_multiplier,0.0,0.3207567493340642
0,bank_income_multiplier,0.0,0.3817312342257852
0,bank_income_multiplier,0.0,0.34676481152508265
0,bank_income_multiplier,0.0,0.3807313131533415
0,bank_income_multiplier,0.0,0.3485732061911831
0,bank_income_multiplier,0.0,0.38420000355677275
0,bank_income_multiplier,0.0,0.37350090371367434
0,bank_income_multiplier,0.0,0.2908411136248796
0,bank_income_multiplier,0.0,0.3426299148701007
0,bank_income_multiplier,0.0,0.36087194264420674
0,bank_income_multiplier,0.0,0.32223475939816393
0,bank_income_multiplier,0.0,0.3693142303645407
0,bank_income_multiplier,0.0,0.3402278589920436
0,bank_income_multiplier,0.0,0.34613046377610757
0,bank_income_multiplier,0.0,0.3437529735209166
0,bank_income_multiplier,1.8181818181818181,0.5414911670260557
0,bank_income_multiplier,1.8181818181818181,0.5299718080750887
0,bank_income_multiplier,1.8181818181818181,0.5346541839780855
0,bank_income_multiplier,1.8181818181818181,0.518928743887335
0,bank_income_multiplier,1.8181818181818181,0.5641564418382361
0,bank_income_multiplier,1.8181818181818181,0.48381315994719126
0,bank_income_multiplier,1.8181818181818181,0.5449425845577622
0,bank_income_multiplier,1.8181818181818181,0.5724594797702459
0,bank_income_multiplier,1.8181818181818181,0.5436047980051754
0,bank_income_multiplier,1.8181818181818181,0.5150782290434085
0,bank_income_multiplier,1.8181818181818181,0.5860236116190072
0,bank_income_multiplier,1.8181818181818181,0.5619072110255244
0,bank_income_multiplier,1.8181818181818181,0.5658645851862151
0,bank_income_multiplier,1.8181818181818181,0.46295533855015075
0,bank_income_multiplier,1.8181818181818181,0.5524832909913737
0,bank_income_multiplier,1.8181818181818181,0.5505091554178121
0,bank_income_multiplier,1.8181818181818181,0.5579360032431568
0,bank_income_multiplier,1.8181818181818181,0.6221346989916674
0,bank_income_multiplier,1.8181818181818181,0.5424539149147384
0,bank_income_multiplier,1.8181818181818181,0.5598828837587847
0,bank_income_multiplier,1.8181818181818181,0.5729265977203769
0,bank_income_multiplier,1.8181818181818181,0.5349662183294553
0,bank_income_multiplier,1.8181818181818181,0.5572430301865493
0,bank_income_multiplier,1.8181818181818181,0.5096399459625517
0,bank_income_multiplier,1.8181818181818181,0.5287876816046615
0,bank_income_multiplier,1.8181818181818181,0.5644532076611172
0,bank_income_multiplier,1.8181818181818181,0.5766682550426274
0,bank_income_multiplier,1.8181818181818181,0.577416481491837
0,bank_income_multiplier,1.8181818181818181,0.5173515399359572
0,bank_income_multiplier,1.8181818181818181,0.5633014710159288
0,bank_income_multiplier,1.8181818181818181,0.5096378672979753
0,bank_income_multiplier,1.8181818181818181,0.5705055218062103
0,bank_income_multiplier,1.8181818181818181,0.5054563363655954
0,bank_income_multiplier,1.8181818181818181,0.5568740069296978
0,bank_income_multiplier,1.8181818181818181,0.5315272298305475
0,bank_income_multiplier,1.8181818181818181,0.533286357739531
0,bank_income_multiplier,1.8181818181818181,0.5092927746645564
0,bank_income_multiplier,1.8181818181818181,0.5251067699957966
0,bank_income_multiplier,1.8181818181818181,0.5579122611908783
0,bank_income_multiplier,1.8181818181818181,0.5181845573480249
0,bank_income_multiplier,1.8181818181818181,0.5962095595597225
0,bank_income_multiplier,1.8181818181818181,0.5319927975753086
0,bank_income_multiplier,1.8181818181818181,0.516860857513003
0,bank_income_multiplier,1.8181818181818181,0.5505962287644927
0,bank_income_multiplier,1.8181818181818181,0.5064337180195554
0,bank_income_multiplier,1.8181818181818181,0.5713531719057756
0,bank_income_multiplier,1.8181818181818181,0.5591660683306664
0,bank_income_multiplier,1.8181818181818181,0.5761692110607779
0,bank_income_multiplier,1.8181818181818181,0.5323910867873989
0,bank_income_multiplier,1.8181818181818181,0.546599731032865
0,bank_income_multiplier,3.6363636363636362,0.5022449510789341
0,bank_income_multiplier,3.6363636363636362,0.5046273163872487
0,bank_income_multiplier,3.6363636363636362,0.5364264682745351
0,bank_income_multiplier,3.6363636363636362,0.46562901639957327
0,bank_income_multiplier,3.6363636363636362,0.5295752802668493
0,bank_income_multiplier,3.6363636363636362,0.4874704075035134
0,bank_income_multiplier,3.6363636363636362,0.5392679465790043
0,bank_income_multiplier,3.6363636363636362,0.5274237470091584
0,bank_income_multiplier,3.6363636363636362,0.5333463389053157
0,bank_income_multiplier,3.6363636363636362,0.5425878930118907
0,bank_income_multiplier,3.6363636363636362,0.5737111842581212
0,bank_income_multiplier,3.6363636363636362,0.5106639705482778
0,bank_income_multiplier,3.6363636363636362,0.5510807428830958
0,bank_income_multiplier,3.6363636363636362,0.547206038843746
0,bank_income_multiplier,3.6363636363636362,0.5716488777441733
0,bank_income_multiplier,3.6363636363636362,0.5536862692201345
0,bank_income_multiplier,3.6363636363636362,0.5396164101959496
0,bank_income_multiplier,3.6363636363636362,0.5082601825357946
0,bank_income_multiplier,3.6363636363636362,0.5243060059933474
0,bank_income_multiplier,3.6363636363636362,0.5146615008593722
0,bank_income_multiplier,3.6363636363636362,0.5211205026221929
0,bank_income_multiplier,3.6363636363636362,0.5298188692562675
0,bank_income_multiplier,3.6363636363636362,0.5842653388171408
0,bank_income_multiplier,3.6363636363636362,0.5436680974541064
0,bank_income_multiplier,3.6363636363636362,0.5439044857485303
0,bank_income_multiplier,3.6363636363636362,0.5554754104254255
0,bank_income_multiplier,3.6363636363636362,0.5754065604897709
0,bank_income_multiplier,3.6363636363636362,0.5296101322998189
0,bank_income_multiplier,3.6363636363636362,0.5518592496512853
0,bank_income_multiplier,3.6363636363636362,0.49874756767761064
0,bank_income_multiplier,3.6363636363636362,0.5771786358636389
0,bank_income_multiplier,3.6363636363636362,0.5247159212255329
0,bank_income_multiplier,3.6363636363636362,0.5603585677577423
0,bank_income_multiplier,3.6363636363636362,0.5474064499735755
0,bank_income_multiplier,3.6363636363636362,0.5103080954415474
0,bank_income_multiplier,3.6363636363636362,0.49622817201077074
0,bank_income_multiplier,3.6363636363636362,0.5315137232404185
0,bank_income_multiplier,3.6363636363636362,0.5244197476508535
0,bank_income_multiplier,3.6363636363636362,0.5522958456314632
0,bank_income_multiplier,3.6363636363636362,0.5002646338120899
0,bank_income_multiplier,3.6363636363636362,0.5505406771669703
0,bank_income_multiplier,3.6363636363636362,0.5637486793926815
0,bank_income_multiplier,3.6363636363636362,0.5571252819625737
0,bank_income_multiplier,3.6363636363636362,0.5556424214622733
0,bank_income_multiplier,3.6363636363636362,0.5275723971407227
0,bank_income_multiplier,3.6363636363636362,0.5469673056734742
0,bank_income_multiplier,3.6363636363636362,0.524275510353783
0,bank_income_multiplier,3.6363636363636362,0.5167403656502969
0,bank_income_multiplier,3.6363636363636362,0.5100366565223806
0,bank_income_multiplier,3.6363636363636362,0.516506789952365
0,bank_income_multiplier,5.454545454545454,0.5496208890660811
0,bank_income_multiplier,5.454545454545454,0.5581177990642673
0,bank_income_multiplier,5.454545454545454,0.5454088384251983
0,bank_income_multiplier,5.454545454545454,0.5707812613162345
0,bank_income_multiplier,5.454545454545454,0.5799117426068697
0,bank_income_multiplier,5.454545454545454,0.5178463755864267
0,bank_income_multiplier,5.454545454545454,0.5407003716769336
0,bank_income_multiplier,5.454545454545454,0.5697161547898987
0,bank_income_multiplier,5.454545454545454,0.5557531282385912
0,bank_income_multiplier,5.454545454545454,0.5490647851834118
0,bank_income_multiplier,5.454545454545454,0.5062910869722885
0,bank_income_multiplier,5.454545454545454,0.5477957203098097
0,bank_income_multiplier,5.454545454545454,0.5542277597255676
0,bank_income_multiplier,5.454545454545454,0.5092351402964655
0,bank_income_multiplier,5.454545454545454,0.5739091004443776
0,bank_income_multiplier,5.454545454545454,0.5374953385712286
0,bank_income_multiplier,5.454545454545454,0.5227040417723099
0,bank_income_multiplier,5.454545454545454,0.5607785229561839
0,bank_income_multiplier,5.454545454545454,0.5323896389567999
0,bank_income_multiplier,5.454545454545454,0.5705731405134712
0,bank_income_multiplier,5.454545454545454,0.5647096597999096
0,bank_income_multiplier,5.454545454545454,0.5337496320412348
0,bank_income_multiplier,5.454545454545454,0.5621474224411311
0,bank_income_multiplier,5.454545454545454,0.5538716530921692
0,bank_income_multiplier,5.454545454545454,0.5948664682561718
0,bank_income_multiplier,5.454545454545454,0.5136096214007363
0,bank_income_multiplier,5.454545454545454,0.5784482369186474
0,bank_income_multiplier,5.454545454545454,0.562799686073351
0,bank_income_multiplier,5.454545454545454,0.529017396743942
0,bank_income_multiplier,5.454545454545454,0.5207000097893726
0,bank_income_multiplier,5.454545454545454,0.501295533061888
0,bank_income_multiplier,5.454545454545454,0.5184014146566065
0,bank_income_multiplier,5.454545454545454,0.5385057953749973
0,bank_income_multiplier,5.454545454545454,0.5697446292187629
0,bank_income_multiplier,5.454545454545454,0.5036531865212928
0,bank_income_multiplier,5.454545454545454,0.4806317860450613
0,bank_income_multiplier,5.454545454545454,0.49773483014564207
0,bank_income_multiplier,5.454545454545454,0.5353493419255322
0,bank_income_multiplier,5.454545454545454,0.4982069047002483
0,bank_income_multiplier,5.454545454545454,0.5740796749797251
0,bank_income_multiplier,5.454545454545454,0.5137145026635496
0,bank_income_multiplier,5.454545454545454,0.5195712096219935
0,bank_income_multiplier,5.454545454545454,0.5637598575960396
0,bank_income_multiplier,5.454545454545454,0.5103549946715259
0,bank_income_multiplier,5.454545454545454,0.5809185113086023
0,bank_income_multiplier,5.454545454545454,0.5332944740798781
0,bank_income_multiplier,5.454545454545454,0.5287630871434374
0,bank_income_multiplier,5.454545454545454,0.5464833532729745
0,bank_income_multiplier,5.454545454545454,0.5350983128527488
0,bank_income_multiplier,5.454545454545454,0.5332711292948518
0,bank_income_multiplier,7.2727272727272725,0.5323566264314512
0,bank_income_multiplier,7.2727272727272725,0.5522114776496918
0,bank_income_multiplier,7.2727272727272725,0.5501846070085127
0,bank_income_multiplier,7.2727272727272725,0.5244062697894243
0,bank_income_multiplier,7.2727272727272725,0.5053116858570437
0,bank_income_multiplier,7.2727272727272725,0.5045523295883578
0,bank_income_multiplier,7.2727272727272725,0.531701909885834
0,bank_income_multiplier,7.2727272727272725,0.5497956614860594
0,bank_income_multiplier,7.2727272727272725,0.583815188383977
0,bank_income_multiplier,7.2727272727272725,0.5118667206779001
0,bank_income_multiplier,7.2727272727272725,0.5357916775580823
0,bank_income_multiplier,7.2727272727272725,0.49557982064596273
0,bank_income_multiplier,7.2727272727272725,0.5371950985985939
0,bank_income_multiplier,7.2727272727272725,0.4998392134887494
0,bank_income_multiplier,7.2727272727272725,0.5229987558874923
0,bank_income_multiplier,7.2727272727272725,0.5446866877182962
0,bank_income_multiplier,7.2727272727272725,0.5312763682125394
0,bank_income_multiplier,7.2727272727272725,0.5552620788803911
0,bank_income_multiplier,7.2727272727272725,0.5206965800093283
0,bank_income_multiplier,7.2727272727272725,0.5158542660828878
0,bank_income_multiplier,7.2727272727272725,0.5021744394154432
0,bank_income_multiplier,7.2727272727272725,0.5307378301572785
0,bank_income_multiplier,7.2727272727272725,0.5527448280714616
0,bank_income_multiplier,7.2727272727272725,0.5107788021452259
0,bank_income_multiplier,7.2727272727272725,0.5263150428558122
0,bank_income_multiplier,7.2727272727272725,0.4986131932583114
0,bank_income_multiplier,7.2727272727272725,0.5406076659729108
0,bank_income_multiplier,7.2727272727272725,0.5528354193483308
0,bank_income_multiplier,7.2727272727272725,0.5170148586426377
0,bank_income_multiplier,7.2727272727272725,0.587230838048256
0,bank_income_multiplier,7.2727272727272725,0.5649546566982654
0,bank_income_multiplier,7.2727272727272725,0.5917332528699638
0,bank_income_multiplier,7.2727272727272725,0.5278784362557681
0,bank_income_multiplier,7.2727272727272725,0.5812670867517683
0,bank_income_multiplier,7.2727272727272725,0.5158979697578296
0,bank_income_multiplier,7.2727272727272725,0.5350453190276455
0,bank_income_multiplier,7.2727272727272725,0.5520631921535637
0,bank_income_multiplier,7.2727272727272725,0.5360965896424279
0,bank_income_multiplier,7.2727272727272725,0.5164865576749825
0,bank_income_multiplier,7.2727272727272725,0.5436070379838165
0,bank_income_multiplier,7.2727272727272725,0.5628820822039504
0,bank_income_multiplier,7.2727272727272725,0.5164423153491297
0,bank_income_multiplier,7.2727272727272725,0.5183003724525285
0,bank_income_multiplier,7.2727272727272725,0.5708478025655391
0,bank_income_multiplier,7.2727272727272725,0.5435070638983329
0,bank_income_multiplier,7.2727272727272725,0.5573816978126481
0,bank_income_multiplier,7.2727272727272725,0.5204395343243471
0,bank_income_multiplier,7.2727272727272725,0.5292519190083108
0,bank_income_multiplier,7.2727272727272725,0.5078207094983611
0,bank_income_multiplier,7.2727272727272725,0.4863269527147582
0,bank_income_multiplier,9.09090909090909,0.5180885149434457
0,bank_income_multiplier,9.09090909090909,0.5108057025448539
0,bank_income_multiplier,9.09090909090909,0.5687997288122062
0,bank_income_multiplier,9.09090909090909,0.5643150916219859
0,bank_income_multiplier,9.09090909090909,0.5070970682552008
0,bank_income_multiplier,9.09090909090909,0.5693909917559921
0,bank_income_multiplier,9.09090909090909,0.5183933351949765
0,bank_income_multiplier,9.09090909090909,0.5397854291519444
0,bank_income_multiplier,9.09090909090909,0.5440535255166453
0,bank_income_multiplier,9.09090909090909,0.5030075800066031
0,bank_income_multiplier,9.09090909090909,0.5635325961601136
0,bank_income_multiplier,9.09090909090909,0.5309745365552959
0,bank_income_multiplier,9.09090909090909,0.5294828995620143
0,bank_income_multiplier,9.09090909090909,0.5052162659345123
0,bank_income_multiplier,9.09090909090909,0.53577733574505
0,bank_income_multiplier,9.09090909090909,0.5986239420044064
0,bank_income_multiplier,9.09090909090909,0.5224372366215722
0,bank_income_multiplier,9.09090909090909,0.5160625690727052
0,bank_income_multiplier,9.09090909090909,0.5335325395310051
0,bank_income_multiplier,9.09090909090909,0.5284992976999613
0,bank_income_multiplier,9.09090909090909,0.46505461098608614
0,bank_income_multiplier,9.09090909090909,0.5509404940012755
0,bank_income_multiplier,9.09090909090909,0.5458210231728307
0,bank_income_multiplier,9.09090909090909,0.5225228166722374
0,bank_income_multiplier,9.09090909090909,0.5550540083901321
0,bank_income_multiplier,9.09090909090909,0.5865851190351948
0,bank_income_multiplier,9.09090909090909,0.49606524002368113
0,bank_income_multiplier,9.09090909090909,0.49557499778490827
0,bank_income_multiplier,9.09090909090909,0.5650476574278597
0,bank_income_multiplier,9.09090909090909,0.5452619195514933
0,bank_income_multiplier,9.09090909090909,0.5565341152665376
0,bank_income_multiplier,9.09090909090909,0.4994557019552433
0,bank_income_multiplier,9.09090909090909,0.5671239240826915
0,bank_income_multiplier,9.09090909090909,0.466157777113938
0,bank_income_multiplier,9.09090909090909,0.5661064514495349
0,bank_income_multiplier,9.09090909090909,0.506378981543884
0,bank_income_multiplier,9.09090909090909,0.5486251644367479
0,bank_income_multiplier,9.09090909090909,0.5085451520512622
0,bank_income_multiplier,9.09090909090909,0.5167219846762225
0,bank_income_multiplier,9.09090909090909,0.5842756116446215
0,bank_income_multiplier,9.09090909090909,0.5576757754370412
0,bank_income_multiplier,9.09090909090909,0.472423195695497
0,bank_income_multiplier,9.09090909090909,0.5738086102664066
0,bank_income_multiplier,9.09090909090909,0.5820740264042819
0,bank_income_multiplier,9.09090909090909,0.536229496371866
0,bank_income_multiplier,9.09090909090909,0.5682702281112645
0,bank_income_multiplier,9.09090909090909,0.5359461251669709
0,bank_income_multiplier,9.09090909090909,0.5445891158422971
0,bank_income_multiplier,9.09090909090909,0.5665704329459847
0,bank_income_multiplier,9.09090909090909,0.5614980669194974
0,bank_income_multiplier,10.909090909090908,0.5083399318146434
0,bank_income_multiplier,10.909090909090908,0.5712663120002597
0,bank_income_multiplier,10.909090909090908,0.5007682735761979
0,bank_income_multiplier,10.909090909090908,0.5456605603274494
0,bank_income_multiplier,10.909090909090908,0.5226972321782932
0,bank_income_multiplier,10.909090909090908,0.5573130595239025
0,bank_income_multiplier,10.909090909090908,0.5360777710709532
0,bank_income_multiplier,10.909090909090908,0.5295609560389002
0,bank_income_multiplier,10.909090909090908,0.5163873095726155
0,bank_income_multiplier,10.909090909090908,0.571813443634254
0,bank_income_multiplier,10.909090909090908,0.4981362685803785
0,bank_income_multiplier,10.909090909090908,0.5291577396710909
0,bank_income_multiplier,10.909090909090908,0.5800332291672046
0,bank_income_multiplier,10.909090909090908,0.5635335509609757
0,bank_income_multiplier,10.909090909090908,0.5499897884104167
0,bank_income_multiplier,10.909090909090908,0.5086197574058312
0,bank_income_multiplier,10.909090909090908,0.49862793852822396
0,bank_income_multiplier,10.909090909090908,0.5558948388440857
0,bank_income_multiplier,10.909090909090908,0.5246599480812872
0,bank_income_multiplier,10.909090909090908,0.5875805893641659
0,bank_income_multiplier,10.909090909090908,0.5433134632110582
0,bank_income_multiplier,10.909090909090908,0.5331898441380191
0,bank_income_multiplier,10.909090909090908,0.5376896971093598
0,bank_income_multiplier,10.909090909090908,0.543976325746281
0,bank_income_multiplier,10.909090909090908,0.541578261037524
0,bank_income_multiplier,10.909090909090908,0.554059548645105
0,bank_income_multiplier,10.909090909090908,0.5065686013630757
0,bank_income_multiplier,10.909090909090908,0.5165766629098196
0,bank_income_multiplier,10.909090909090908,0.5316864895386522
0,bank_income_multiplier,10.909090909090908,0.5439255094639971
0,bank_income_multiplier,10.909090909090908,0.542913622524879
0,bank_income_multiplier,10.909090909090908,0.5351984055633804
0,bank_income_multiplier,10.909090909090908,0.5292479706341715
0,bank_income_multiplier,10.909090909090908,0.5621846613558975
0,bank_income_multiplier,10.909090909090908,0.5866902819667849
0,bank_income_multiplier,10.909090909090908,0.4853697170071162
0,bank_income_multiplier,10.909090909090908,0.5362443362054088
0,bank_income_multiplier,10.909090909090908,0.49817570725030885
0,bank_income_multiplier,10.909090909090908,0.5538192403339544
0,bank_income_multiplier,10.909090909090908,0.5235589262256439
0,bank_income_multiplier,10.909090909090908,0.5327635857377598
0,bank_income_multiplier,10.909090909090908,0.5267934637027589
0,bank_income_multiplier,10.909090909090908,0.557624050567967
0,bank_income_multiplier,10.909090909090908,0.5575566083144405
0,bank_income_multiplier,10.909090909090908,0.5774261015600144
0,bank_income_multiplier,10.909090909090908,0.5708227020342592
0,bank_income_multiplier,10.909090909090908,0.48106992025426515
0,bank_income_multiplier,10.909090909090908,0.5416417235806512
0,bank_income_multiplier,10.909090909090908,0.5299451959643772
0,bank_income_multiplier,10.909090909090908,0.5100502144596001
0,bank_income_multiplier,12.727272727272727,0.545252328055786
0,bank_income_multiplier,12.727272727272727,0.47988084397989605
0,bank_income_multiplier,12.727272727272727,0.5564909751903828
0,bank_income_multiplier,12.727272727272727,0.48417567409517365
0,bank_income_multiplier,12.727272727272727,0.4947592075523654
0,bank_income_multiplier,12.727272727272727,0.5151967402831871
0,bank_income_multiplier,12.727272727272727,0.5768005305017345
0,bank_income_multiplier,12.727272727272727,0.552833465540069
0,bank_income_multiplier,12.727272727272727,0.5231808417538442
0,bank_income_multiplier,12.727272727272727,0.5017321778389918
0,bank_income_multiplier,12.727272727272727,0.5057080519117999
0,bank_income_multiplier,12.727272727272727,0.5574325915542742
0,bank_income_multiplier,12.727272727272727,0.5045545244721906
0,bank_income_multiplier,12.727272727272727,0.542401710072439
0,bank_income_multiplier,12.727272727272727,0.5602116858651173
0,bank_income_multiplier,12.727272727272727,0.5362710414865971
0,bank_income_multiplier,12.727272727272727,0.4761079944904867
0,bank_income_multiplier,12.727272727272727,0.5032501330776871
0,bank_income_multiplier,12.727272727272727,0.5622299576841168
0,bank_income_multiplier,12.727272727272727,0.5213038347364438
0,bank_income_multiplier,12.727272727272727,0.5265536033022454
0,bank_income_multiplier,12.727272727272727,0.5334838169197456
0,bank_income_multiplier,12.727272727272727,0.5047586523333931
0,bank_income_multiplier,12.727272727272727,0.5677058538097558
0,bank_income_multiplier,12.727272727272727,0.49878343980544637
0,bank_income_multiplier,12.727272727272727,0.4791517330380751
0,bank_income_multiplier,12.727272727272727,0.604689881213721
0,bank_income_multiplier,12.727272727272727,0.5219363102765731
0,bank_income_multiplier,12.727272727272727,0.5388604400669833
0,bank_income_multiplier,12.727272727272727,0.5782497598266294
0,bank_income_multiplier,12.727272727272727,0.5910936249742684
0,bank_income_multiplier,12.727272727272727,0.5383837312768
0,bank_income_multiplier,12.727272727272727,0.5140875120680365
0,bank_income_multiplier,12.727272727272727,0.5601518652515874
0,bank_income_multiplier,12.727272727272727,0.5713184973941514
0,bank_income_multiplier,12.727272727272727,0.493457347206259
0,bank_income_multiplier,12.727272727272727,0.4892895227845543
0,bank_income_multiplier,12.727272727272727,0.5663032158666712
0,bank_income_multiplier,12.727272727272727,0.5487732889460025
0,bank_income_multiplier,12.727272727272727,0.5556398470892217
0,bank_income_multiplier,12.727272727272727,0.5595711141187302
0,bank_income_multiplier,12.727272727272727,0.5297625456984426
0,bank_income_multiplier,12.727272727272727,0.4880100572078412
0,bank_income_multiplier,12.727272727272727,0.4598701568030856
0,bank_income_multiplier,12.727272727272727,0.5442235221928324
0,bank_income_multiplier,12.727272727272727,0.5156653683740152
0,bank_income_multiplier,12.727272727272727,0.5505880743074868
0,bank_income_multiplier,12.727272727272727,0.49403552767087366
0,bank_income_multiplier,12.727272727272727,0.5400802468101711
0,bank_income_multiplier,12.727272727272727,0.5537596073093366
0,bank_income_multiplier,14.545454545454545,0.5244009007023606
0,bank_income_multiplier,14.545454545454545,0.6154852778742378
0,bank_income_multiplier,14.545454545454545,0.523951660475271
0,bank_income_multiplier,14.545454545454545,0.5548750645516013
0,bank_income_multiplier,14.545454545454545,0.4884612620869855
0,bank_income_multiplier,14.545454545454545,0.535931487614743
0,bank_income_multiplier,14.545454545454545,0.5396793959825928
0,bank_income_multiplier,14.545454545454545,0.5185691667593957
0,bank_income_multiplier,14.545454545454545,0.5199859412062507
0,bank_income_multiplier,14.545454545454545,0.5214380134031905
0,bank_income_multiplier,14.545454545454545,0.5689599468378522
0,bank_income_multiplier,14.545454545454545,0.575686163538598
0,bank_income_multiplier,14.545454545454545,0.4927604100060236
0,bank_income_multiplier,14.545454545454545,0.5411656595237118
0,bank_income_multiplier,14.545454545454545,0.5077907872231379
0,bank_income_multiplier,14.545454545454545,0.4952486054669494
0,bank_income_multiplier,14.545454545454545,0.5186153459225807
0,bank_income_multiplier,14.545454545454545,0.5847348480404733
0,bank_income_multiplier,14.545454545454545,0.5439299902651118
0,bank_income_multiplier,14.545454545454545,0.5430863178569506
0,bank_income_multiplier,14.545454545454545,0.5565094861755141
0,bank_income_multiplier,14.545454545454545,0.5586406381687771
0,bank_income_multiplier,14.545454545454545,0.5418608631186762
0,bank_income_multiplier,14.545454545454545,0.46625184108556045
0,bank_income_multiplier,14.545454545454545,0.5049049643782384
0,bank_income_multiplier,14.545454545454545,0.537788514656879
0,bank_income_multiplier,14.545454545454545,0.5387834958952448
0,bank_income_multiplier,14.545454545454545,0.533241036537841
0,bank_income_multiplier,14.545454545454545,0.5606095975688337
0,bank_income_multiplier,14.545454545454545,0.5116116424355377
0,bank_income_multiplier,14.545454545454545,0.5021879970308127
0,bank_income_multiplier,14.545454545454545,0.5149377971793263
0,bank_income_multiplier,14.545454545454545,0.5608048176117569
0,bank_income_multiplier,14.545454545454545,0.5768386817988496
0,bank_income_multiplier,14.545454545454545,0.5701477053131224
0,bank_income_multiplier,14.545454545454545,0.5367633921514736
0,bank_income_multiplier,14.545454545454545,0.5615645700808892
0,bank_income_multiplier,14.545454545454545,0.5524242963891904
0,bank_income_multiplier,14.545454545454545,0.5262870628338419
0,bank_income_multiplier,14.545454545454545,0.538901056142
0,bank_income_multiplier,14.545454545454545,0.5410437352152885
0,bank_income_multiplier,14.545454545454545,0.544478647948599
0,bank_income_multiplier,14.545454545454545,0.5123515446270486
0,bank_income_multiplier,14.545454545454545,0.5503639209171218
0,bank_income_multiplier,14.545454545454545,0.5633130223255169
0,bank_income_multiplier,14.545454545454545,0.5599798697713549
0,bank_income_multiplier,14.545454545454545,0.5510082353780325
0,bank_income_multiplier,14.545454545454545,0.5453995751044535
0,bank_income_multiplier,14.545454545454545,0.5857862026885862
0,bank_income_multiplier,14.545454545454545,0.5613534646881293
0,bank_income_multiplier,16.363636363636363,0.5846721534999104
0,bank_income_multiplier,16.363636363636363,0.5540096701147319
0,bank_income_multiplier,16.363636363636363,0.5569812092664984
0,bank_income_multiplier,16.363636363636363,0.533916732185445
0,bank_income_multiplier,16.363636363636363,0.49246881030817385
0,bank_income_multiplier,16.363636363636363,0.515160609504486
0,bank_income_multiplier,16.363636363636363,0.548138411928346
0,bank_income_multiplier,16.363636363636363,0.5683027969531318
0,bank_income_multiplier,16.363636363636363,0.510391165954634
0,bank_income_multiplier,16.363636363636363,0.5069338413250564
0,bank_income_multiplier,16.363636363636363,0.5747012285364608
0,bank_income_multiplier,16.363636363636363,0.5475587197790756
0,bank_income_multiplier,16.363636363636363,0.5416265499193718
0,bank_income_multiplier,16.363636363636363,0.5506421331705031
0,bank_income_multiplier,16.363636363636363,0.5259386798316872
0,bank_income_multiplier,16.363636363636363,0.5227113070949464
0,bank_income_multiplier,16.363636363636363,0.5504877220012152
0,bank_income_multiplier,16.363636363636363,0.539989725475257
0,bank_income_multiplier,16.363636363636363,0.5318469700708514
0,bank_income_multiplier,16.363636363636363,0.5994071058825406
0,bank_income_multiplier,16.363636363636363,0.4597593583131101
0,bank_income_multiplier,16.363636363636363,0.5315048929949642
0,bank_income_multiplier,16.363636363636363,0.5352312162923059
0,bank_income_multiplier,16.363636363636363,0.5253604625821702
0,bank_income_multiplier,16.363636363636363,0.5380053278395294
0,bank_income_multiplier,16.363636363636363,0.5244745151464576
0,bank_income_multiplier,16.363636363636363,0.5449273235979959
0,bank_income_multiplier,16.363636363636363,0.5096216619000317
0,bank_income_multiplier,16.363636363636363,0.5987810178832482
0,bank_income_multiplier,16.363636363636363,0.5666863120019571
0,bank_income_multiplier,16.363636363636363,0.5600196225256281
0,bank_income_multiplier,16.363636363636363,0.5407613851288356
0,bank_income_multiplier,16.363636363636363,0.5265860781171179
0,bank_income_multiplier,16.363636363636363,0.5932961182974724
0,bank_income_multiplier,16.363636363636363,0.5315455577915719
0,bank_income_multiplier,16.363636363636363,0.5035310996045363
0,bank_income_multiplier,16.363636363636363,0.49934840173019773
0,bank_income_multiplier,16.363636363636363,0.46863887174724866
0,bank_income_multiplier,16.363636363636363,0.544957260677157
0,bank_income_multiplier,16.363636363636363,0.5230360296320373
0,bank_income_multiplier,16.363636363636363,0.4459683434944183
0,bank_income_multiplier,16.363636363636363,0.5004804049708935
0,bank_income_multiplier,16.363636363636363,0.5252050347891186
0,bank_income_multiplier,16.363636363636363,0.5127030165412528
0,bank_income_multiplier,16.363636363636363,0.5709503731633154
0,bank_income_multiplier,16.363636363636363,0.5923883823188663
0,bank_income_multiplier,16.363636363636363,0.592620034482857
0,bank_income_multiplier,16.363636363636363,0.5145611103865247
0,bank_income_multiplier,16.363636363636363,0.5650122534743609
0,bank_income_multiplier,16.363636363636363,0.5270325539333127
0,bank_income_multiplier,18.18181818181818,0.5292377830967336
0,bank_income_multiplier,18.18181818181818,0.4811656143444066
0,bank_income_multiplier,18.18181818181818,0.49805951129758286
0,bank_income_multiplier,18.18181818181818,0.5591901148347329
0,bank_income_multiplier,18.18181818181818,0.5627421626162541
0,bank_income_multiplier,18.18181818181818,0.5134569104943337
0,bank_income_multiplier,18.18181818181818,0.5157548996584478
0,bank_income_multiplier,18.18181818181818,0.5658071136431745
0,bank_income_multiplier,18.18181818181818,0.517684754621089
0,bank_income_multiplier,18.18181818181818,0.5005845452743548
0,bank_income_multiplier,18.18181818181818,0.5843678667035551
0,bank_income_multiplier,18.18181818181818,0.5653581015522756
0,bank_income_multiplier,18.18181818181818,0.5107143257680108
0,bank_income_multiplier,18.18181818181818,0.5007210815694622
0,bank_income_multiplier,18.18181818181818,0.5525469327228074
0,bank_income_multiplier,18.18181818181818,0.5710182713648583
0,bank_income_multiplier,18.18181818181818,0.5865168926847647
0,bank_income_multiplier,18.18181818181818,0.5241078896385821
0,bank_income_multiplier,18.18181818181818,0.5452223149198233
0,bank_income_multiplier,18.18181818181818,0.5458641237908164
0,bank_income_multiplier,18.18181818181818,0.5702885817728086
0,bank_income_multiplier,18.18181818181818,0.5128426481152136
0,bank_income_multiplier,18.18181818181818,0.5363684752228045
0,bank_income_multiplier,18.18181818181818,0.49328770920860143
0,bank_income_multiplier,18.18181818181818,0.5798248004425828
0,bank_income_multiplier,18.18181818181818,0.49887882186358146
0,bank_income_multiplier,18.18181818181818,0.5942186082371091
0,bank_income_multiplier,18.18181818181818,0.5392548933053929
0,bank_income_multiplier,18.18181818181818,0.5630607987385825
0,bank_income_multiplier,18.18181818181818,0.5103498863292399
0,bank_income_multiplier,18.18181818181818,0.5313108328362801
0,bank_income_multiplier,18.18181818181818,0.5190798553880702
0,bank_income_multiplier,18.18181818181818,0.5478687307492344
0,bank_income_multiplier,18.18181818181818,0.5324578324171182
0,bank_income_multiplier,18.18181818181818,0.5291352563678884
0,bank_income_multiplier,18.18181818181818,0.5321861159624198
0,bank_income_multiplier,18.18181818181818,0.553831058246725
0,bank_income_multiplier,18.18181818181818,0.5893825502135024
0,bank_income_multiplier,18.18181818181818,0.5536209268563383
0,bank_income_multiplier,18.18181818181818,0.4968285482091069
0,bank_income_multiplier,18.18181818181818,0.5743016015050272
0,bank_income_multiplier,18.18181818181818,0.561402065124141
0,bank_income_multiplier,18.18181818181818,0.5359344163610198
0,bank_income_multiplier,18.18181818181818,0.49669651935456954
0,bank_income_multiplier,18.18181818181818,0.5551846446579064
0,bank_income_multiplier,18.18181818181818,0.520772029093038
0,bank_income_multiplier,18.18181818181818,0.5263945648125485
0,bank_income_multiplier,18.18181818181818,0.5340582962449414
0,bank_income_multiplier,18.18181818181818,0.5169761281331169
0,bank_income_multiplier,18.18181818181818,0.5533624727969845
0,bank_income_multiplier,20.0,0.5226615844814374
0,bank_income_multiplier,20.0,0.49903002244536854
0,bank_income_multiplier,20.0,0.5744769388023188
0,bank_income_multiplier,20.0,0.5413680852223827
0,bank_income_multiplier,20.0,0.5485433656885205
0,bank_income_multiplier,20.0,0.5532730407689335
0,bank_income_multiplier,20.0,0.5558713580875243
0,bank_income_multiplier,20.0,0.5550724394885381
0,bank_income_multiplier,20.0,0.5299686057558399
0,bank_income_multiplier,20.0,0.49074053700298664
0,bank_income_multiplier,20.0,0.542670078731888
0,bank_income_multiplier,20.0,0.5602652062531094
0,bank_income_multiplier,20.0,0.5084404694621067
0,bank_income_multiplier,20.0,0.5632750343754901
0,bank_income_multiplier,20.0,0.545699278263082
0,bank_income_multiplier,20.0,0.5358743614624553
0,bank_income_multiplier,20.0,0.48895397276554936
0,bank_income_multiplier,20.0,0.5338708183471195
0,bank_income_multiplier,20.0,0.5602303615820559
0,bank_income_multiplier,20.0,0.5105109743153619
0,bank_income_multiplier,20.0,0.5463989507559287
0,bank_income_multiplier,20.0,0.518178642003278
0,bank_income_multiplier,20.0,0.5381444198529063
0,bank_income_multiplier,20.0,0.5286290171230581
0,bank_income_multiplier,20.0,0.5131558671673329
0,bank_income_multiplier,20.0,0.5540484547188703
0,bank_income_multiplier,20.0,0.46636661636591054
0,bank_income_multiplier,20.0,0.5591129602991303
0,bank_income_multiplier,20.0,0.5818730971410153
0,bank_income_multiplier,20.0,0.5742090215108872
0,bank_income_multiplier,20.0,0.5410729675904264
0,bank_income_multiplier,20.0,0.5338392273574
0,bank_income_multiplier,20.0,0.6004736737524545
0,bank_income_multiplier,20.0,0.5515004754479449
0,bank_income_multiplier,20.0,0.5270246228128606
0,bank_income_multiplier,20.0,0.5434790837462778
0,bank_income_multiplier,20.0,0.5616177761797997
0,bank_income_multiplier,20.0,0.5316404725760581
0,bank_income_multiplier,20.0,0.5422110942400609
0,bank_income_multiplier,20.0,0.5352375964838225
0,bank_income_multiplier,20.0,0.5340673903635417
0,bank_income_multiplier,20.0,0.5589163996894896
0,bank_income_multiplier,20.0,0.5330842494060012
0,bank_income_multiplier,20.0,0.5061841027898041
0,bank_income_multiplier,20.0,0.503408136488244
0,bank_income_multiplier,20.0,0.49352310319385506
0,bank_income_multiplier,20.0,0.5478792435365604
0,bank_income_multiplier,20.0,0.5316666154364789
0,bank_income_multiplier,20.0,0.6122077578379665
0,bank_income_multiplier,20.0,0.5516990853043404
