,savings_lower,savings_upper,price_lower,price_upper,payoff_perc_freehold,inflation,chi_parameter,bank_income_multiplier
0,938.4765625,69921.875,75625.0,852343.75,0.00197265625,0.01890625,6.66015625,6.6328125
1,29687.7578125,69921.875,75625.0,852343.75,0.00197265625,0.01890625,6.66015625,6.6328125
2,938.4765625,55859.375,75625.0,852343.75,0.00197265625,0.01890625,6.66015625,6.6328125
3,938.4765625,69921.875,85625.0,852343.75,0.00197265625,0.01890625,6.66015625,6.6328125
4,938.4765625,69921.875,75625.0,303906.25,0.00197265625,0.01890625,6.66015625,6.6328125
5,938.4765625,69921.875,75625.0,852343.75,0.0016445312500000002,0.01890625,6.66015625,6.6328125
6,938.4765625,69921.875,75625.0,852343.75,0.00197265625,0.02046875,6.66015625,6.6328125
7,938.4765625,69921.875,75625.0,852343.75,0.00197265625,0.01890625,7.01171875,6.6328125
8,938.4765625,69921.875,75625.0,852343.75,0.00197265625,0.01890625,6.66015625,7.5234375
9,938.4765625,55859.375,85625.0,303906.25,0.0016445312500000002,0.02046875,7.01171875,7.5234375
10,29687.7578125,69921.875,85625.0,303906.25,0.0016445312500000002,0.02046875,7.01171875,7.5234375
11,29687.7578125,55859.375,75625.0,303906.25,0.0016445312500000002,0.02046875,7.01171875,7.5234375
12,29687.7578125,55859.375,85625.0,852343.75,0.0016445312500000002,0.02046875,7.01171875,7.5234375
13,29687.7578125,55859.375,85625.0,303906.25,0.00197265625,0.02046875,7.01171875,7.5234375
14,29687.7578125,55859.375,85625.0,303906.25,0.0016445312500000002,0.01890625,7.01171875,7.5234375
15,29687.7578125,55859.375,85625.0,303906.25,0.0016445312500000002,0.02046875,6.66015625,7.5234375
16,29687.7578125,55859.375,85625.0,303906.25,0.0016445312500000002,0.02046875,7.01171875,6.6328125
17,29687.7578125,55859.375,85625.0,303906.25,0.0016445312500000002,0.02046875,7.01171875,7.5234375
18,20937.9765625,94921.875,35625.0,402343.75,0.00122265625,0.028906249999999994,5.41015625,8.1328125
19,9688.2578125,94921.875,35625.0,402343.75,0.00122265625,0.028906249999999994,5.41015625,8.1328125
20,20937.9765625,80859.375,35625.0,402343.75,0.00122265625,0.028906249999999994,5.41015625,8.1328125
21,20937.9765625,94921.875,45625.0,402343.75,0.00122265625,0.028906249999999994,5.41015625,8.1328125
22,20937.9765625,94921.875,35625.0,753906.25,0.00122265625,0.028906249999999994,5.41015625,8.1328125
23,20937.9765625,94921.875,35625.0,402343.75,0.00239453125,0.028906249999999994,5.41015625,8.1328125
24,20937.9765625,94921.875,35625.0,402343.75,0.00122265625,0.01046875,5.41015625,8.1328125
25,20937.9765625,94921.875,35625.0,402343.75,0.00122265625,0.028906249999999994,5.76171875,8.1328125
26,20937.9765625,94921.875,35625.0,402343.75,0.00122265625,0.028906249999999994,5.41015625,6.0234375
27,20937.9765625,80859.375,45625.0,753906.25,0.00239453125,0.01046875,5.76171875,6.0234375
28,9688.2578125,94921.875,45625.0,753906.25,0.00239453125,0.01046875,5.76171875,6.0234375
29,9688.2578125,80859.375,35625.0,753906.25,0.00239453125,0.01046875,5.76171875,6.0234375
30,9688.2578125,80859.375,45625.0,402343.75,0.00239453125,0.01046875,5.76171875,6.0234375
31,9688.2578125,80859.375,45625.0,753906.25,0.00122265625,0.01046875,5.76171875,6.0234375
32,9688.2578125,80859.375,45625.0,753906.25,0.00239453125,0.028906249999999994,5.76171875,6.0234375
33,9688.2578125,80859.375,45625.0,753906.25,0.00239453125,0.01046875,5.41015625,6.0234375
34,9688.2578125,80859.375,45625.0,753906.25,0.00239453125,0.01046875,5.76171875,8.1328125
35,9688.2578125,80859.375,45625.0,753906.25,0.00239453125,0.01046875,5.76171875,6.0234375
36,30937.7265625,57421.875,55625.0,627343.75,0.0015976562500000001,0.023906249999999997,7.28515625,8.8828125
37,19688.0078125,57421.875,55625.0,627343.75,0.0015976562500000001,0.023906249999999997,7.28515625,8.8828125
38,30937.7265625,93359.375,55625.0,627343.75,0.0015976562500000001,0.023906249999999997,7.28515625,8.8828125
39,30937.7265625,57421.875,25625.0,627343.75,0.0015976562500000001,0.023906249999999997,7.28515625,8.8828125
40,30937.7265625,57421.875,55625.0,978906.25,0.0015976562500000001,0.023906249999999997,7.28515625,8.8828125
41,30937.7265625,57421.875,55625.0,627343.75,0.00126953125,0.023906249999999997,7.28515625,8.8828125
42,30937.7265625,57421.875,55625.0,627343.75,0.0015976562500000001,0.02546875,7.28515625,8.8828125
43,30937.7265625,57421.875,55625.0,627343.75,0.0015976562500000001,0.023906249999999997,5.13671875,8.8828125
44,30937.7265625,57421.875,55625.0,627343.75,0.0015976562500000001,0.023906249999999997,7.28515625,8.2734375
45,30937.7265625,93359.375,25625.0,978906.25,0.00126953125,0.02546875,5.13671875,8.2734375
46,19688.0078125,57421.875,25625.0,978906.25,0.00126953125,0.02546875,5.13671875,8.2734375
47,19688.0078125,93359.375,55625.0,978906.25,0.00126953125,0.02546875,5.13671875,8.2734375
48,19688.0078125,93359.375,25625.0,627343.75,0.00126953125,0.02546875,5.13671875,8.2734375
49,19688.0078125,93359.375,25625.0,978906.25,0.0015976562500000001,0.02546875,5.13671875,8.2734375
50,19688.0078125,93359.375,25625.0,978906.25,0.00126953125,0.023906249999999997,5.13671875,8.2734375
51,19688.0078125,93359.375,25625.0,978906.25,0.00126953125,0.02546875,7.28515625,8.2734375
52,19688.0078125,93359.375,25625.0,978906.25,0.00126953125,0.02546875,5.13671875,8.8828125
53,19688.0078125,93359.375,25625.0,978906.25,0.00126953125,0.02546875,5.13671875,8.2734375
54,10938.2265625,82421.875,15625.0,177343.75,0.00234765625,0.01390625,6.03515625,7.3828125
55,39687.5078125,82421.875,15625.0,177343.75,0.00234765625,0.01390625,6.03515625,7.3828125
56,10938.2265625,68359.375,15625.0,177343.75,0.00234765625,0.01390625,6.03515625,7.3828125
57,10938.2265625,82421.875,65625.0,177343.75,0.00234765625,0.01390625,6.03515625,7.3828125
58,10938.2265625,82421.875,15625.0,528906.25,0.00234765625,0.01390625,6.03515625,7.3828125
59,10938.2265625,82421.875,15625.0,177343.75,0.00201953125,0.01390625,6.03515625,7.3828125
60,10938.2265625,82421.875,15625.0,177343.75,0.00234765625,0.01546875,6.03515625,7.3828125
61,10938.2265625,82421.875,15625.0,177343.75,0.00234765625,0.01390625,6.38671875,7.3828125
62,10938.2265625,82421.875,15625.0,177343.75,0.00234765625,0.01390625,6.03515625,6.7734375
63,10938.2265625,68359.375,65625.0,528906.25,0.00201953125,0.01546875,6.38671875,6.7734375
64,39687.5078125,82421.875,65625.0,528906.25,0.00201953125,0.01546875,6.38671875,6.7734375
65,39687.5078125,68359.375,15625.0,528906.25,0.00201953125,0.01546875,6.38671875,6.7734375
66,39687.5078125,68359.375,65625.0,177343.75,0.00201953125,0.01546875,6.38671875,6.7734375
67,39687.5078125,68359.375,65625.0,528906.25,0.00234765625,0.01546875,6.38671875,6.7734375
68,39687.5078125,68359.375,65625.0,528906.25,0.00201953125,0.01390625,6.38671875,6.7734375
69,39687.5078125,68359.375,65625.0,528906.25,0.00201953125,0.01546875,6.03515625,6.7734375
70,39687.5078125,68359.375,65625.0,528906.25,0.00201953125,0.01546875,6.38671875,7.3828125
71,39687.5078125,68359.375,65625.0,528906.25,0.00201953125,0.01546875,6.38671875,6.7734375
72,15938.1015625,51171.875,45625.0,289843.75,0.0021601562499999998,0.016406249999999997,6.97265625,8.5078125
73,14688.1328125,51171.875,45625.0,289843.75,0.0021601562499999998,0.016406249999999997,6.97265625,8.5078125
74,15938.1015625,87109.375,45625.0,289843.75,0.0021601562499999998,0.016406249999999997,6.97265625,8.5078125
75,15938.1015625,51171.875,15625.0,289843.75,0.0021601562499999998,0.016406249999999997,6.97265625,8.5078125
76,15938.1015625,51171.875,45625.0,416406.25,0.0021601562499999998,0.016406249999999997,6.97265625,8.5078125
77,15938.1015625,51171.875,45625.0,289843.75,0.00108203125,0.016406249999999997,6.97265625,8.5078125
78,15938.1015625,51171.875,45625.0,289843.75,0.0021601562499999998,0.01296875,6.97265625,8.5078125
79,15938.1015625,51171.875,45625.0,289843.75,0.0021601562499999998,0.016406249999999997,6.69921875,8.5078125
80,15938.1015625,51171.875,45625.0,289843.75,0.0021601562499999998,0.016406249999999997,6.97265625,7.1484375
81,15938.1015625,87109.375,15625.0,416406.25,0.00108203125,0.01296875,6.69921875,7.1484375
82,14688.1328125,51171.875,15625.0,416406.25,0.00108203125,0.01296875,6.69921875,7.1484375
83,14688.1328125,87109.375,45625.0,416406.25,0.00108203125,0.01296875,6.69921875,7.1484375
84,14688.1328125,87109.375,15625.0,289843.75,0.00108203125,0.01296875,6.69921875,7.1484375
85,14688.1328125,87109.375,15625.0,416406.25,0.0021601562499999998,0.01296875,6.69921875,7.1484375
86,14688.1328125,87109.375,15625.0,416406.25,0.00108203125,0.016406249999999997,6.69921875,7.1484375
87,14688.1328125,87109.375,15625.0,416406.25,0.00108203125,0.01296875,6.97265625,7.1484375
88,14688.1328125,87109.375,15625.0,416406.25,0.00108203125,0.01296875,6.69921875,8.5078125
89,14688.1328125,87109.375,15625.0,416406.25,0.00108203125,0.01296875,6.69921875,7.1484375
90,35937.6015625,76171.875,85625.0,739843.75,0.00141015625,0.02640625,5.72265625,7.0078125
91,34687.6328125,76171.875,85625.0,739843.75,0.00141015625,0.02640625,5.72265625,7.0078125
92,35937.6015625,62109.375,85625.0,739843.75,0.00141015625,0.02640625,5.72265625,7.0078125
93,35937.6015625,76171.875,55625.0,739843.75,0.00141015625,0.02640625,5.72265625,7.0078125
94,35937.6015625,76171.875,85625.0,866406.25,0.00141015625,0.02640625,5.72265625,7.0078125
95,35937.6015625,76171.875,85625.0,739843.75,0.00183203125,0.02640625,5.72265625,7.0078125
96,35937.6015625,76171.875,85625.0,739843.75,0.00141015625,0.022968749999999996,5.72265625,7.0078125
97,35937.6015625,76171.875,85625.0,739843.75,0.00141015625,0.02640625,5.44921875,7.0078125
98,35937.6015625,76171.875,85625.0,739843.75,0.00141015625,0.02640625,5.72265625,8.6484375
99,35937.6015625,62109.375,55625.0,866406.25,0.00183203125,0.022968749999999996,5.44921875,8.6484375
100,34687.6328125,76171.875,55625.0,866406.25,0.00183203125,0.022968749999999996,5.44921875,8.6484375
101,34687.6328125,62109.375,85625.0,866406.25,0.00183203125,0.022968749999999996,5.44921875,8.6484375
102,34687.6328125,62109.375,55625.0,739843.75,0.00183203125,0.022968749999999996,5.44921875,8.6484375
103,34687.6328125,62109.375,55625.0,866406.25,0.00141015625,0.022968749999999996,5.44921875,8.6484375
104,34687.6328125,62109.375,55625.0,866406.25,0.00183203125,0.02640625,5.44921875,8.6484375
105,34687.6328125,62109.375,55625.0,866406.25,0.00183203125,0.022968749999999996,5.72265625,8.6484375
106,34687.6328125,62109.375,55625.0,866406.25,0.00183203125,0.022968749999999996,5.44921875,7.0078125
107,34687.6328125,62109.375,55625.0,866406.25,0.00183203125,0.022968749999999996,5.44921875,8.6484375
108,25937.8515625,63671.875,25625.0,514843.75,0.00103515625,0.021406249999999998,6.34765625,6.2578125
109,24687.8828125,63671.875,25625.0,514843.75,0.00103515625,0.021406249999999998,6.34765625,6.2578125
110,25937.8515625,74609.375,25625.0,514843.75,0.00103515625,0.021406249999999998,6.34765625,6.2578125
111,25937.8515625,63671.875,75625.0,514843.75,0.00103515625,0.021406249999999998,6.34765625,6.2578125
112,25937.8515625,63671.875,25625.0,641406.25,0.00103515625,0.021406249999999998,6.34765625,6.2578125
113,25937.8515625,63671.875,25625.0,514843.75,0.00145703125,0.021406249999999998,6.34765625,6.2578125
114,25937.8515625,63671.875,25625.0,514843.75,0.00103515625,0.01796875,6.34765625,6.2578125
115,25937.8515625,63671.875,25625.0,514843.75,0.00103515625,0.021406249999999998,6.07421875,6.2578125
116,25937.8515625,63671.875,25625.0,514843.75,0.00103515625,0.021406249999999998,6.34765625,6.3984375
117,25937.8515625,74609.375,75625.0,641406.25,0.00145703125,0.01796875,6.07421875,6.3984375
118,24687.8828125,63671.875,75625.0,641406.25,0.00145703125,0.01796875,6.07421875,6.3984375
119,24687.8828125,74609.375,25625.0,641406.25,0.00145703125,0.01796875,6.07421875,6.3984375
120,24687.8828125,74609.375,75625.0,514843.75,0.00145703125,0.01796875,6.07421875,6.3984375
121,24687.8828125,74609.375,75625.0,641406.25,0.00103515625,0.01796875,6.07421875,6.3984375
122,24687.8828125,74609.375,75625.0,641406.25,0.00145703125,0.021406249999999998,6.07421875,6.3984375
123,24687.8828125,74609.375,75625.0,641406.25,0.00145703125,0.01796875,6.34765625,6.3984375
124,24687.8828125,74609.375,75625.0,641406.25,0.00145703125,0.01796875,6.07421875,6.2578125
125,24687.8828125,74609.375,75625.0,641406.25,0.00145703125,0.01796875,6.07421875,6.3984375
126,5938.3515625,88671.875,65625.0,964843.75,0.00178515625,0.01140625,5.09765625,7.7578125
127,4688.3828125,88671.875,65625.0,964843.75,0.00178515625,0.01140625,5.09765625,7.7578125
128,5938.3515625,99609.375,65625.0,964843.75,0.00178515625,0.01140625,5.09765625,7.7578125
129,5938.3515625,88671.875,35625.0,964843.75,0.00178515625,0.01140625,5.09765625,7.7578125
130,5938.3515625,88671.875,65625.0,191406.25,0.00178515625,0.01140625,5.09765625,7.7578125
131,5938.3515625,88671.875,65625.0,964843.75,0.00220703125,0.01140625,5.09765625,7.7578125
132,5938.3515625,88671.875,65625.0,964843.75,0.00178515625,0.02796875,5.09765625,7.7578125
133,5938.3515625,88671.875,65625.0,964843.75,0.00178515625,0.01140625,7.32421875,7.7578125
134,5938.3515625,88671.875,65625.0,964843.75,0.00178515625,0.01140625,5.09765625,7.8984375
135,5938.3515625,99609.375,35625.0,191406.25,0.00220703125,0.02796875,7.32421875,7.8984375
136,4688.3828125,88671.875,35625.0,191406.25,0.00220703125,0.02796875,7.32421875,7.8984375
137,4688.3828125,99609.375,65625.0,191406.25,0.00220703125,0.02796875,7.32421875,7.8984375
138,4688.3828125,99609.375,35625.0,964843.75,0.00220703125,0.02796875,7.32421875,7.8984375
139,4688.3828125,99609.375,35625.0,191406.25,0.00178515625,0.02796875,7.32421875,7.8984375
140,4688.3828125,99609.375,35625.0,191406.25,0.00220703125,0.01140625,7.32421875,7.8984375
141,4688.3828125,99609.375,35625.0,191406.25,0.00220703125,0.02796875,5.09765625,7.8984375
142,4688.3828125,99609.375,35625.0,191406.25,0.00220703125,0.02796875,7.32421875,7.7578125
143,4688.3828125,99609.375,35625.0,191406.25,0.00220703125,0.02796875,7.32421875,7.8984375
144,8438.2890625,60546.875,20625.0,683593.75,0.00131640625,0.01265625,7.12890625,8.3203125
145,12188.1953125,60546.875,20625.0,683593.75,0.00131640625,0.01265625,7.12890625,8.3203125
146,8438.2890625,65234.375,20625.0,683593.75,0.00131640625,0.01265625,7.12890625,8.3203125
147,8438.2890625,60546.875,30625.0,683593.75,0.00131640625,0.01265625,7.12890625,8.3203125
148,8438.2890625,60546.875,20625.0,247656.25,0.00131640625,0.01265625,7.12890625,8.3203125
149,8438.2890625,60546.875,20625.0,683593.75,0.00192578125,0.01265625,7.12890625,8.3203125
150,8438.2890625,60546.875,20625.0,683593.75,0.00131640625,0.01921875,7.12890625,8.3203125
151,8438.2890625,60546.875,20625.0,683593.75,0.00131640625,0.01265625,5.29296875,8.3203125
152,8438.2890625,60546.875,20625.0,683593.75,0.00131640625,0.01265625,7.12890625,7.3359375
153,8438.2890625,65234.375,30625.0,247656.25,0.00192578125,0.01921875,5.29296875,7.3359375
154,12188.1953125,60546.875,30625.0,247656.25,0.00192578125,0.01921875,5.29296875,7.3359375
155,12188.1953125,65234.375,20625.0,247656.25,0.00192578125,0.01921875,5.29296875,7.3359375
156,12188.1953125,65234.375,30625.0,683593.75,0.00192578125,0.01921875,5.29296875,7.3359375
157,12188.1953125,65234.375,30625.0,247656.25,0.00131640625,0.01921875,5.29296875,7.3359375
158,12188.1953125,65234.375,30625.0,247656.25,0.00192578125,0.01265625,5.29296875,7.3359375
159,12188.1953125,65234.375,30625.0,247656.25,0.00192578125,0.01921875,7.12890625,7.3359375
160,12188.1953125,65234.375,30625.0,247656.25,0.00192578125,0.01921875,5.29296875,8.3203125
161,12188.1953125,65234.375,30625.0,247656.25,0.00192578125,0.01921875,5.29296875,7.3359375
162,28437.7890625,85546.875,60625.0,233593.75,0.00206640625,0.022656249999999996,5.87890625,6.8203125
163,32187.6953125,85546.875,60625.0,233593.75,0.00206640625,0.022656249999999996,5.87890625,6.8203125
164,28437.7890625,90234.375,60625.0,233593.75,0.00206640625,0.022656249999999996,5.87890625,6.8203125
165,28437.7890625,85546.875,70625.0,233593.75,0.00206640625,0.022656249999999996,5.87890625,6.8203125
166,28437.7890625,85546.875,60625.0,697656.25,0.00206640625,0.022656249999999996,5.87890625,6.8203125
167,28437.7890625,85546.875,60625.0,233593.75,0.00117578125,0.022656249999999996,5.87890625,6.8203125
168,28437.7890625,85546.875,60625.0,233593.75,0.00206640625,0.029218749999999995,5.87890625,6.8203125
169,28437.7890625,85546.875,60625.0,233593.75,0.00206640625,0.022656249999999996,6.54296875,6.8203125
170,28437.7890625,85546.875,60625.0,233593.75,0.00206640625,0.022656249999999996,5.87890625,8.8359375
171,28437.7890625,90234.375,70625.0,697656.25,0.00117578125,0.029218749999999995,6.54296875,8.8359375
172,32187.6953125,85546.875,70625.0,697656.25,0.00117578125,0.029218749999999995,6.54296875,8.8359375
173,32187.6953125,90234.375,60625.0,697656.25,0.00117578125,0.029218749999999995,6.54296875,8.8359375
174,32187.6953125,90234.375,70625.0,233593.75,0.00117578125,0.029218749999999995,6.54296875,8.8359375
175,32187.6953125,90234.375,70625.0,697656.25,0.00206640625,0.029218749999999995,6.54296875,8.8359375
176,32187.6953125,90234.375,70625.0,697656.25,0.00117578125,0.022656249999999996,6.54296875,8.8359375
177,32187.6953125,90234.375,70625.0,697656.25,0.00117578125,0.029218749999999995,5.87890625,8.8359375
178,32187.6953125,90234.375,70625.0,697656.25,0.00117578125,0.029218749999999995,6.54296875,6.8203125
179,32187.6953125,90234.375,70625.0,697656.25,0.00117578125,0.029218749999999995,6.54296875,8.8359375
180,38437.5390625,73046.875,40625.0,908593.75,0.00244140625,0.02765625,6.50390625,6.0703125
181,22187.9453125,73046.875,40625.0,908593.75,0.00244140625,0.02765625,6.50390625,6.0703125
182,38437.5390625,77734.375,40625.0,908593.75,0.00244140625,0.02765625,6.50390625,6.0703125
183,38437.5390625,73046.875,50625.0,908593.75,0.00244140625,0.02765625,6.50390625,6.0703125
184,38437.5390625,73046.875,40625.0,922656.25,0.00244140625,0.02765625,6.50390625,6.0703125
185,38437.5390625,73046.875,40625.0,908593.75,0.00230078125,0.02765625,6.50390625,6.0703125
186,38437.5390625,73046.875,40625.0,908593.75,0.00244140625,0.014218749999999999,6.50390625,6.0703125
187,38437.5390625,73046.875,40625.0,908593.75,0.00244140625,0.02765625,7.16796875,6.0703125
188,38437.5390625,73046.875,40625.0,908593.75,0.00244140625,0.02765625,6.50390625,6.5859375
189,38437.5390625,77734.375,50625.0,922656.25,0.00230078125,0.014218749999999999,7.16796875,6.5859375
190,22187.9453125,73046.875,50625.0,922656.25,0.00230078125,0.014218749999999999,7.16796875,6.5859375
191,22187.9453125,77734.375,40625.0,922656.25,0.00230078125,0.014218749999999999,7.16796875,6.5859375
192,22187.9453125,77734.375,50625.0,908593.75,0.00230078125,0.014218749999999999,7.16796875,6.5859375
193,22187.9453125,77734.375,50625.0,922656.25,0.00244140625,0.014218749999999999,7.16796875,6.5859375
194,22187.9453125,77734.375,50625.0,922656.25,0.00230078125,0.02765625,7.16796875,6.5859375
195,22187.9453125,77734.375,50625.0,922656.25,0.00230078125,0.014218749999999999,6.50390625,6.5859375
196,22187.9453125,77734.375,50625.0,922656.25,0.00230078125,0.014218749999999999,7.16796875,6.0703125
197,22187.9453125,77734.375,50625.0,922656.25,0.00230078125,0.014218749999999999,7.16796875,6.5859375
198,18438.0390625,98046.875,80625.0,458593.75,0.00169140625,0.01765625,5.25390625,7.5703125
199,2188.4453125,98046.875,80625.0,458593.75,0.00169140625,0.01765625,5.25390625,7.5703125
200,18438.0390625,52734.375,80625.0,458593.75,0.00169140625,0.01765625,5.25390625,7.5703125
201,18438.0390625,98046.875,10625.0,458593.75,0.00169140625,0.01765625,5.25390625,7.5703125
202,18438.0390625,98046.875,80625.0,472656.25,0.00169140625,0.01765625,5.25390625,7.5703125
203,18438.0390625,98046.875,80625.0,458593.75,0.00155078125,0.01765625,5.25390625,7.5703125
204,18438.0390625,98046.875,80625.0,458593.75,0.00169140625,0.024218749999999997,5.25390625,7.5703125
205,18438.0390625,98046.875,80625.0,458593.75,0.00169140625,0.01765625,5.91796875,7.5703125
206,18438.0390625,98046.875,80625.0,458593.75,0.00169140625,0.01765625,5.25390625,8.0859375
207,18438.0390625,52734.375,10625.0,472656.25,0.00155078125,0.024218749999999997,5.91796875,8.0859375
208,2188.4453125,98046.875,10625.0,472656.25,0.00155078125,0.024218749999999997,5.91796875,8.0859375
209,2188.4453125,52734.375,80625.0,472656.25,0.00155078125,0.024218749999999997,5.91796875,8.0859375
210,2188.4453125,52734.375,10625.0,458593.75,0.00155078125,0.024218749999999997,5.91796875,8.0859375
211,2188.4453125,52734.375,10625.0,472656.25,0.00169140625,0.024218749999999997,5.91796875,8.0859375
212,2188.4453125,52734.375,10625.0,472656.25,0.00155078125,0.01765625,5.91796875,8.0859375
213,2188.4453125,52734.375,10625.0,472656.25,0.00155078125,0.024218749999999997,5.25390625,8.0859375
214,2188.4453125,52734.375,10625.0,472656.25,0.00155078125,0.024218749999999997,5.91796875,7.5703125
215,2188.4453125,52734.375,10625.0,472656.25,0.00155078125,0.024218749999999997,5.91796875,8.0859375
216,13438.1640625,66796.875,50625.0,346093.75,0.00150390625,0.01015625,6.81640625,6.4453125
217,27187.8203125,66796.875,50625.0,346093.75,0.00150390625,0.01015625,6.81640625,6.4453125
218,13438.1640625,96484.375,50625.0,346093.75,0.00150390625,0.01015625,6.81640625,6.4453125
219,13438.1640625,66796.875,60625.0,346093.75,0.00150390625,0.01015625,6.81640625,6.4453125
220,13438.1640625,66796.875,50625.0,360156.25,0.00150390625,0.01015625,6.81640625,6.4453125
221,13438.1640625,66796.875,50625.0,346093.75,0.00248828125,0.01015625,6.81640625,6.4453125
222,13438.1640625,66796.875,50625.0,346093.75,0.00150390625,0.02671875,6.81640625,6.4453125
223,13438.1640625,66796.875,50625.0,346093.75,0.00150390625,0.01015625,6.23046875,6.4453125
224,13438.1640625,66796.875,50625.0,346093.75,0.00150390625,0.01015625,6.81640625,7.7109375
225,13438.1640625,96484.375,60625.0,360156.25,0.00248828125,0.02671875,6.23046875,7.7109375
226,27187.8203125,66796.875,60625.0,360156.25,0.00248828125,0.02671875,6.23046875,7.7109375
227,27187.8203125,96484.375,50625.0,360156.25,0.00248828125,0.02671875,6.23046875,7.7109375
228,27187.8203125,96484.375,60625.0,346093.75,0.00248828125,0.02671875,6.23046875,7.7109375
229,27187.8203125,96484.375,60625.0,360156.25,0.00150390625,0.02671875,6.23046875,7.7109375
