,savings_lower,savings_upper,price_lower,price_upper,payoff_perc_freehold,inflation,chi_parameter,bank_income_multiplier
0,27187.8203125,96484.375,60625.0,360156.25,0.00248828125,0.01015625,6.23046875,7.7109375
1,27187.8203125,96484.375,60625.0,360156.25,0.00248828125,0.02671875,6.81640625,7.7109375
2,27187.8203125,96484.375,60625.0,360156.25,0.00248828125,0.02671875,6.23046875,6.4453125
3,27187.8203125,96484.375,60625.0,360156.25,0.00248828125,0.02671875,6.23046875,7.7109375
4,33437.6640625,91796.875,10625.0,796093.75,0.00225390625,0.02015625,5.56640625,7.9453125
5,7188.3203125,91796.875,10625.0,796093.75,0.00225390625,0.02015625,5.56640625,7.9453125
6,33437.6640625,71484.375,10625.0,796093.75,0.00225390625,0.02015625,5.56640625,7.9453125
7,33437.6640625,91796.875,20625.0,796093.75,0.00225390625,0.02015625,5.56640625,7.9453125
8,33437.6640625,91796.875,10625.0,810156.25,0.00225390625,0.02015625,5.56640625,7.9453125
9,33437.6640625,91796.875,10625.0,796093.75,0.00173828125,0.02015625,5.56640625,7.9453125
10,33437.6640625,91796.875,10625.0,796093.75,0.00225390625,0.016718749999999998,5.56640625,7.9453125
11,33437.6640625,91796.875,10625.0,796093.75,0.00225390625,0.02015625,7.48046875,7.9453125
12,33437.6640625,91796.875,10625.0,796093.75,0.00225390625,0.02015625,5.56640625,6.2109375
13,33437.6640625,71484.375,20625.0,810156.25,0.00173828125,0.016718749999999998,7.48046875,6.2109375
14,7188.3203125,91796.875,20625.0,810156.25,0.00173828125,0.016718749999999998,7.48046875,6.2109375
15,7188.3203125,71484.375,10625.0,810156.25,0.00173828125,0.016718749999999998,7.48046875,6.2109375
16,7188.3203125,71484.375,20625.0,796093.75,0.00173828125,0.016718749999999998,7.48046875,6.2109375
17,7188.3203125,71484.375,20625.0,810156.25,0.00225390625,0.016718749999999998,7.48046875,6.2109375
18,7188.3203125,71484.375,20625.0,810156.25,0.00173828125,0.02015625,7.48046875,6.2109375
19,7188.3203125,71484.375,20625.0,810156.25,0.00173828125,0.016718749999999998,5.56640625,6.2109375
20,7188.3203125,71484.375,20625.0,810156.25,0.00173828125,0.016718749999999998,7.48046875,7.9453125
21,7188.3203125,71484.375,20625.0,810156.25,0.00173828125,0.016718749999999998,7.48046875,6.2109375
22,23437.9140625,54296.875,70625.0,121093.75,0.00187890625,0.025156249999999998,7.44140625,8.6953125
23,17188.0703125,54296.875,70625.0,121093.75,0.00187890625,0.025156249999999998,7.44140625,8.6953125
24,23437.9140625,58984.375,70625.0,121093.75,0.00187890625,0.025156249999999998,7.44140625,8.6953125
25,23437.9140625,54296.875,40625.0,121093.75,0.00187890625,0.025156249999999998,7.44140625,8.6953125
26,23437.9140625,54296.875,70625.0,585156.25,0.00187890625,0.025156249999999998,7.44140625,8.6953125
27,23437.9140625,54296.875,70625.0,121093.75,0.00211328125,0.025156249999999998,7.44140625,8.6953125
28,23437.9140625,54296.875,70625.0,121093.75,0.00187890625,0.02171875,7.44140625,8.6953125
29,23437.9140625,54296.875,70625.0,121093.75,0.00187890625,0.025156249999999998,6.85546875,8.6953125
30,23437.9140625,54296.875,70625.0,121093.75,0.00187890625,0.025156249999999998,7.44140625,8.4609375
31,23437.9140625,58984.375,40625.0,585156.25,0.00211328125,0.02171875,6.85546875,8.4609375
32,17188.0703125,54296.875,40625.0,585156.25,0.00211328125,0.02171875,6.85546875,8.4609375
33,17188.0703125,58984.375,70625.0,585156.25,0.00211328125,0.02171875,6.85546875,8.4609375
34,17188.0703125,58984.375,40625.0,121093.75,0.00211328125,0.02171875,6.85546875,8.4609375
35,17188.0703125,58984.375,40625.0,585156.25,0.00187890625,0.02171875,6.85546875,8.4609375
36,17188.0703125,58984.375,40625.0,585156.25,0.00211328125,0.025156249999999998,6.85546875,8.4609375
37,17188.0703125,58984.375,40625.0,585156.25,0.00211328125,0.02171875,7.44140625,8.4609375
38,17188.0703125,58984.375,40625.0,585156.25,0.00211328125,0.02171875,6.85546875,8.6953125
39,17188.0703125,58984.375,40625.0,585156.25,0.00211328125,0.02171875,6.85546875,8.4609375
40,3438.4140625,79296.875,30625.0,571093.75,0.0011289062500000001,0.01515625,6.19140625,7.1953125
41,37187.5703125,79296.875,30625.0,571093.75,0.0011289062500000001,0.01515625,6.19140625,7.1953125
42,3438.4140625,83984.375,30625.0,571093.75,0.0011289062500000001,0.01515625,6.19140625,7.1953125
43,3438.4140625,79296.875,80625.0,571093.75,0.0011289062500000001,0.01515625,6.19140625,7.1953125
44,3438.4140625,79296.875,30625.0,135156.25,0.0011289062500000001,0.01515625,6.19140625,7.1953125
45,3438.4140625,79296.875,30625.0,571093.75,0.00136328125,0.01515625,6.19140625,7.1953125
46,3438.4140625,79296.875,30625.0,571093.75,0.0011289062500000001,0.01171875,6.19140625,7.1953125
47,3438.4140625,79296.875,30625.0,571093.75,0.0011289062500000001,0.01515625,5.60546875,7.1953125
48,3438.4140625,79296.875,30625.0,571093.75,0.0011289062500000001,0.01515625,6.19140625,6.9609375
49,3438.4140625,83984.375,80625.0,135156.25,0.00136328125,0.01171875,5.60546875,6.9609375
50,37187.5703125,79296.875,80625.0,135156.25,0.00136328125,0.01171875,5.60546875,6.9609375
51,37187.5703125,83984.375,30625.0,135156.25,0.00136328125,0.01171875,5.60546875,6.9609375
52,37187.5703125,83984.375,80625.0,571093.75,0.00136328125,0.01171875,5.60546875,6.9609375
53,37187.5703125,83984.375,80625.0,135156.25,0.0011289062500000001,0.01171875,5.60546875,6.9609375
54,37187.5703125,83984.375,80625.0,135156.25,0.00136328125,0.01515625,5.60546875,6.9609375
55,37187.5703125,83984.375,80625.0,135156.25,0.00136328125,0.01171875,6.19140625,6.9609375
56,37187.5703125,83984.375,80625.0,135156.25,0.00136328125,0.01171875,5.60546875,7.1953125
57,37187.5703125,83984.375,80625.0,135156.25,0.00136328125,0.01171875,5.60546875,6.9609375
58,4688.3828125,55859.375,63125.0,542968.75,0.00239453125,0.02078125,5.33203125,8.7890625
59,30937.7265625,55859.375,63125.0,542968.75,0.00239453125,0.02078125,5.33203125,8.7890625
60,4688.3828125,60546.875,63125.0,542968.75,0.00239453125,0.02078125,5.33203125,8.7890625
61,4688.3828125,55859.375,83125.0,542968.75,0.00239453125,0.02078125,5.33203125,8.7890625
62,4688.3828125,55859.375,63125.0,388281.25,0.00239453125,0.02078125,5.33203125,8.7890625
63,4688.3828125,55859.375,63125.0,542968.75,0.0021601562499999998,0.02078125,5.33203125,8.7890625
64,4688.3828125,55859.375,63125.0,542968.75,0.00239453125,0.01359375,5.33203125,8.7890625
65,4688.3828125,55859.375,63125.0,542968.75,0.00239453125,0.02078125,6.46484375,8.7890625
66,4688.3828125,55859.375,63125.0,542968.75,0.00239453125,0.02078125,5.33203125,7.6171875
67,4688.3828125,60546.875,83125.0,388281.25,0.0021601562499999998,0.01359375,6.46484375,7.6171875
68,30937.7265625,55859.375,83125.0,388281.25,0.0021601562499999998,0.01359375,6.46484375,7.6171875
69,30937.7265625,60546.875,63125.0,388281.25,0.0021601562499999998,0.01359375,6.46484375,7.6171875
70,30937.7265625,60546.875,83125.0,542968.75,0.0021601562499999998,0.01359375,6.46484375,7.6171875
71,30937.7265625,60546.875,83125.0,388281.25,0.00239453125,0.01359375,6.46484375,7.6171875
72,30937.7265625,60546.875,83125.0,388281.25,0.0021601562499999998,0.02078125,6.46484375,7.6171875
73,30937.7265625,60546.875,83125.0,388281.25,0.0021601562499999998,0.01359375,5.33203125,7.6171875
74,30937.7265625,60546.875,83125.0,388281.25,0.0021601562499999998,0.01359375,6.46484375,8.7890625
75,30937.7265625,60546.875,83125.0,388281.25,0.0021601562499999998,0.01359375,6.46484375,7.6171875
76,24687.8828125,80859.375,23125.0,992968.75,0.0016445312500000002,0.01078125,6.58203125,7.2890625
77,10938.2265625,80859.375,23125.0,992968.75,0.0016445312500000002,0.01078125,6.58203125,7.2890625
78,24687.8828125,85546.875,23125.0,992968.75,0.0016445312500000002,0.01078125,6.58203125,7.2890625
79,24687.8828125,80859.375,43125.0,992968.75,0.0016445312500000002,0.01078125,6.58203125,7.2890625
80,24687.8828125,80859.375,23125.0,838281.25,0.0016445312500000002,0.01078125,6.58203125,7.2890625
81,24687.8828125,80859.375,23125.0,992968.75,0.00141015625,0.01078125,6.58203125,7.2890625
82,24687.8828125,80859.375,23125.0,992968.75,0.0016445312500000002,0.023593749999999997,6.58203125,7.2890625
83,24687.8828125,80859.375,23125.0,992968.75,0.0016445312500000002,0.01078125,5.21484375,7.2890625
84,24687.8828125,80859.375,23125.0,992968.75,0.0016445312500000002,0.01078125,6.58203125,6.1171875
85,24687.8828125,85546.875,43125.0,838281.25,0.00141015625,0.023593749999999997,5.21484375,6.1171875
86,10938.2265625,80859.375,43125.0,838281.25,0.00141015625,0.023593749999999997,5.21484375,6.1171875
87,10938.2265625,85546.875,23125.0,838281.25,0.00141015625,0.023593749999999997,5.21484375,6.1171875
88,10938.2265625,85546.875,43125.0,992968.75,0.00141015625,0.023593749999999997,5.21484375,6.1171875
89,10938.2265625,85546.875,43125.0,838281.25,0.0016445312500000002,0.023593749999999997,5.21484375,6.1171875
90,10938.2265625,85546.875,43125.0,838281.25,0.00141015625,0.01078125,5.21484375,6.1171875
91,10938.2265625,85546.875,43125.0,838281.25,0.00141015625,0.023593749999999997,6.58203125,6.1171875
92,10938.2265625,85546.875,43125.0,838281.25,0.00141015625,0.023593749999999997,5.21484375,7.2890625
93,10938.2265625,85546.875,43125.0,838281.25,0.00141015625,0.023593749999999997,5.21484375,6.1171875
94,34687.6328125,68359.375,83125.0,317968.75,0.00126953125,0.01578125,5.95703125,6.5390625
95,938.4765625,68359.375,83125.0,317968.75,0.00126953125,0.01578125,5.95703125,6.5390625
96,34687.6328125,98046.875,83125.0,317968.75,0.00126953125,0.01578125,5.95703125,6.5390625
97,34687.6328125,68359.375,23125.0,317968.75,0.00126953125,0.01578125,5.95703125,6.5390625
98,34687.6328125,68359.375,83125.0,613281.25,0.00126953125,0.01578125,5.95703125,6.5390625
99,34687.6328125,68359.375,83125.0,317968.75,0.00178515625,0.01578125,5.95703125,6.5390625
100,34687.6328125,68359.375,83125.0,317968.75,0.00126953125,0.01859375,5.95703125,6.5390625
101,34687.6328125,68359.375,83125.0,317968.75,0.00126953125,0.01578125,5.83984375,6.5390625
102,34687.6328125,68359.375,83125.0,317968.75,0.00126953125,0.01578125,5.95703125,8.3671875
103,34687.6328125,98046.875,23125.0,613281.25,0.00178515625,0.01859375,5.83984375,8.3671875
104,938.4765625,68359.375,23125.0,613281.25,0.00178515625,0.01859375,5.83984375,8.3671875
105,938.4765625,98046.875,83125.0,613281.25,0.00178515625,0.01859375,5.83984375,8.3671875
106,938.4765625,98046.875,23125.0,317968.75,0.00178515625,0.01859375,5.83984375,8.3671875
107,938.4765625,98046.875,23125.0,613281.25,0.00126953125,0.01859375,5.83984375,8.3671875
108,938.4765625,98046.875,23125.0,613281.25,0.00178515625,0.01578125,5.83984375,8.3671875
109,938.4765625,98046.875,23125.0,613281.25,0.00178515625,0.01859375,5.95703125,8.3671875
110,938.4765625,98046.875,23125.0,613281.25,0.00178515625,0.01859375,5.83984375,6.5390625
111,938.4765625,98046.875,23125.0,613281.25,0.00178515625,0.01859375,5.83984375,8.3671875
112,14688.1328125,93359.375,43125.0,767968.75,0.00201953125,0.02578125,7.20703125,8.0390625
113,20937.9765625,93359.375,43125.0,767968.75,0.00201953125,0.02578125,7.20703125,8.0390625
114,14688.1328125,73046.875,43125.0,767968.75,0.00201953125,0.02578125,7.20703125,8.0390625
115,14688.1328125,93359.375,63125.0,767968.75,0.00201953125,0.02578125,7.20703125,8.0390625
116,14688.1328125,93359.375,43125.0,163281.25,0.00201953125,0.02578125,7.20703125,8.0390625
117,14688.1328125,93359.375,43125.0,767968.75,0.00103515625,0.02578125,7.20703125,8.0390625
118,14688.1328125,93359.375,43125.0,767968.75,0.00201953125,0.028593749999999994,7.20703125,8.0390625
119,14688.1328125,93359.375,43125.0,767968.75,0.00201953125,0.02578125,7.08984375,8.0390625
120,14688.1328125,93359.375,43125.0,767968.75,0.00201953125,0.02578125,7.20703125,6.8671875
121,14688.1328125,73046.875,63125.0,163281.25,0.00103515625,0.028593749999999994,7.08984375,6.8671875
122,20937.9765625,93359.375,63125.0,163281.25,0.00103515625,0.028593749999999994,7.08984375,6.8671875
123,20937.9765625,73046.875,43125.0,163281.25,0.00103515625,0.028593749999999994,7.08984375,6.8671875
124,20937.9765625,73046.875,63125.0,767968.75,0.00103515625,0.028593749999999994,7.08984375,6.8671875
125,20937.9765625,73046.875,63125.0,163281.25,0.00201953125,0.028593749999999994,7.08984375,6.8671875
126,20937.9765625,73046.875,63125.0,163281.25,0.00103515625,0.02578125,7.08984375,6.8671875
127,20937.9765625,73046.875,63125.0,163281.25,0.00103515625,0.028593749999999994,7.20703125,6.8671875
128,20937.9765625,73046.875,63125.0,163281.25,0.00103515625,0.028593749999999994,7.08984375,8.0390625
129,20937.9765625,73046.875,63125.0,163281.25,0.00103515625,0.028593749999999994,7.08984375,6.8671875
130,19688.0078125,74609.375,13125.0,655468.75,0.00183203125,0.023281249999999996,5.64453125,6.1640625
131,5938.3515625,74609.375,13125.0,655468.75,0.00183203125,0.023281249999999996,5.64453125,6.1640625
132,19688.0078125,79296.875,13125.0,655468.75,0.00183203125,0.023281249999999996,5.64453125,6.1640625
133,19688.0078125,74609.375,13125.0,655468.75,0.00183203125,0.023281249999999996,5.64453125,6.1640625
134,19688.0078125,74609.375,13125.0,275781.25,0.00183203125,0.023281249999999996,5.64453125,6.1640625
135,19688.0078125,74609.375,13125.0,655468.75,0.00197265625,0.023281249999999996,5.64453125,6.1640625
136,19688.0078125,74609.375,13125.0,655468.75,0.00183203125,0.021093749999999998,5.64453125,6.1640625
137,19688.0078125,74609.375,13125.0,655468.75,0.00183203125,0.023281249999999996,7.40234375,6.1640625
138,19688.0078125,74609.375,13125.0,655468.75,0.00183203125,0.023281249999999996,5.64453125,7.2421875
139,19688.0078125,79296.875,13125.0,275781.25,0.00197265625,0.021093749999999998,7.40234375,7.2421875
140,5938.3515625,74609.375,13125.0,275781.25,0.00197265625,0.021093749999999998,7.40234375,7.2421875
141,5938.3515625,79296.875,13125.0,275781.25,0.00197265625,0.021093749999999998,7.40234375,7.2421875
142,5938.3515625,79296.875,13125.0,655468.75,0.00197265625,0.021093749999999998,7.40234375,7.2421875
143,5938.3515625,79296.875,13125.0,275781.25,0.00183203125,0.021093749999999998,7.40234375,7.2421875
144,5938.3515625,79296.875,13125.0,275781.25,0.00197265625,0.023281249999999996,7.40234375,7.2421875
145,5938.3515625,79296.875,13125.0,275781.25,0.00197265625,0.021093749999999998,5.64453125,7.2421875
146,5938.3515625,79296.875,13125.0,275781.25,0.00197265625,0.021093749999999998,7.40234375,6.1640625
147,5938.3515625,79296.875,13125.0,275781.25,0.00197265625,0.021093749999999998,7.40234375,7.2421875
148,39687.5078125,99609.375,53125.0,205468.75,0.00108203125,0.01328125,6.89453125,7.6640625
149,25937.8515625,99609.375,53125.0,205468.75,0.00108203125,0.01328125,6.89453125,7.6640625
150,39687.5078125,54296.875,53125.0,205468.75,0.00108203125,0.01328125,6.89453125,7.6640625
151,39687.5078125,99609.375,53125.0,205468.75,0.00108203125,0.01328125,6.89453125,7.6640625
152,39687.5078125,99609.375,53125.0,725781.25,0.00108203125,0.01328125,6.89453125,7.6640625
153,39687.5078125,99609.375,53125.0,205468.75,0.00122265625,0.01328125,6.89453125,7.6640625
154,39687.5078125,99609.375,53125.0,205468.75,0.00108203125,0.01109375,6.89453125,7.6640625
155,39687.5078125,99609.375,53125.0,205468.75,0.00108203125,0.01328125,6.15234375,7.6640625
156,39687.5078125,99609.375,53125.0,205468.75,0.00108203125,0.01328125,6.89453125,8.7421875
157,39687.5078125,54296.875,53125.0,725781.25,0.00122265625,0.01109375,6.15234375,8.7421875
158,25937.8515625,99609.375,53125.0,725781.25,0.00122265625,0.01109375,6.15234375,8.7421875
159,25937.8515625,54296.875,53125.0,725781.25,0.00122265625,0.01109375,6.15234375,8.7421875
160,25937.8515625,54296.875,53125.0,205468.75,0.00122265625,0.01109375,6.15234375,8.7421875
161,25937.8515625,54296.875,53125.0,725781.25,0.00108203125,0.01109375,6.15234375,8.7421875
162,25937.8515625,54296.875,53125.0,725781.25,0.00122265625,0.01328125,6.15234375,8.7421875
163,25937.8515625,54296.875,53125.0,725781.25,0.00122265625,0.01109375,6.89453125,8.7421875
164,25937.8515625,54296.875,53125.0,725781.25,0.00122265625,0.01109375,6.15234375,7.6640625
165,25937.8515625,54296.875,53125.0,725781.25,0.00122265625,0.01109375,6.15234375,8.7421875
166,29687.7578125,62109.375,33125.0,880468.75,0.00145703125,0.01828125,5.01953125,8.4140625
167,35937.6015625,62109.375,33125.0,880468.75,0.00145703125,0.01828125,5.01953125,8.4140625
168,29687.7578125,66796.875,33125.0,880468.75,0.00145703125,0.01828125,5.01953125,8.4140625
169,29687.7578125,62109.375,73125.0,880468.75,0.00145703125,0.01828125,5.01953125,8.4140625
170,29687.7578125,62109.375,33125.0,950781.25,0.00145703125,0.01828125,5.01953125,8.4140625
171,29687.7578125,62109.375,33125.0,880468.75,0.00234765625,0.01828125,5.01953125,8.4140625
172,29687.7578125,62109.375,33125.0,880468.75,0.00145703125,0.02609375,5.01953125,8.4140625
173,29687.7578125,62109.375,33125.0,880468.75,0.00145703125,0.01828125,5.52734375,8.4140625
174,29687.7578125,62109.375,33125.0,880468.75,0.00145703125,0.01828125,5.01953125,6.4921875
175,29687.7578125,66796.875,73125.0,950781.25,0.00234765625,0.02609375,5.52734375,6.4921875
176,35937.6015625,62109.375,73125.0,950781.25,0.00234765625,0.02609375,5.52734375,6.4921875
177,35937.6015625,66796.875,33125.0,950781.25,0.00234765625,0.02609375,5.52734375,6.4921875
178,35937.6015625,66796.875,73125.0,880468.75,0.00234765625,0.02609375,5.52734375,6.4921875
179,35937.6015625,66796.875,73125.0,950781.25,0.00145703125,0.02609375,5.52734375,6.4921875
180,35937.6015625,66796.875,73125.0,950781.25,0.00234765625,0.01828125,5.52734375,6.4921875
181,35937.6015625,66796.875,73125.0,950781.25,0.00234765625,0.02609375,5.01953125,6.4921875
182,35937.6015625,66796.875,73125.0,950781.25,0.00234765625,0.02609375,5.52734375,8.4140625
183,35937.6015625,66796.875,73125.0,950781.25,0.00234765625,0.02609375,5.52734375,6.4921875
184,9688.2578125,87109.375,73125.0,430468.75,0.00220703125,0.02828125,6.26953125,6.9140625
185,15938.1015625,87109.375,73125.0,430468.75,0.00220703125,0.02828125,6.26953125,6.9140625
186,9688.2578125,91796.875,73125.0,430468.75,0.00220703125,0.02828125,6.26953125,6.9140625
187,9688.2578125,87109.375,33125.0,430468.75,0.00220703125,0.02828125,6.26953125,6.9140625
188,9688.2578125,87109.375,73125.0,500781.25,0.00220703125,0.02828125,6.26953125,6.9140625
189,9688.2578125,87109.375,73125.0,430468.75,0.0015976562500000001,0.02828125,6.26953125,6.9140625
190,9688.2578125,87109.375,73125.0,430468.75,0.00220703125,0.01609375,6.26953125,6.9140625
191,9688.2578125,87109.375,73125.0,430468.75,0.00220703125,0.02828125,6.77734375,6.9140625
192,9688.2578125,87109.375,73125.0,430468.75,0.00220703125,0.02828125,6.26953125,7.9921875
193,9688.2578125,91796.875,33125.0,500781.25,0.0015976562500000001,0.01609375,6.77734375,7.9921875
194,15938.1015625,87109.375,33125.0,500781.25,0.0015976562500000001,0.01609375,6.77734375,7.9921875
195,15938.1015625,91796.875,73125.0,500781.25,0.0015976562500000001,0.01609375,6.77734375,7.9921875
196,15938.1015625,91796.875,33125.0,430468.75,0.0015976562500000001,0.01609375,6.77734375,7.9921875
197,15938.1015625,91796.875,33125.0,500781.25,0.00220703125,0.01609375,6.77734375,7.9921875
198,15938.1015625,91796.875,33125.0,500781.25,0.0015976562500000001,0.02828125,6.77734375,7.9921875
199,15938.1015625,91796.875,33125.0,500781.25,0.0015976562500000001,0.01609375,6.26953125,7.9921875
200,15938.1015625,91796.875,33125.0,500781.25,0.0015976562500000001,0.01609375,6.77734375,6.9140625
201,15938.1015625,91796.875,33125.0,500781.25,0.0015976562500000001,0.01609375,6.77734375,7.9921875
202,7188.3203125,65234.375,38125.0,149218.75,0.00173828125,0.02703125,5.80078125,6.3515625
203,8438.2890625,65234.375,38125.0,149218.75,0.00173828125,0.02703125,5.80078125,6.3515625
204,7188.3203125,69921.875,38125.0,149218.75,0.00173828125,0.02703125,5.80078125,6.3515625
205,7188.3203125,65234.375,38125.0,149218.75,0.00173828125,0.02703125,5.80078125,6.3515625
206,7188.3203125,65234.375,38125.0,332031.25,0.00173828125,0.02703125,5.80078125,6.3515625
207,7188.3203125,65234.375,38125.0,149218.75,0.00131640625,0.02703125,5.80078125,6.3515625
208,7188.3203125,65234.375,38125.0,149218.75,0.00173828125,0.02734375,5.80078125,6.3515625
209,7188.3203125,65234.375,38125.0,149218.75,0.00173828125,0.02703125,5.68359375,6.3515625
210,7188.3203125,65234.375,38125.0,149218.75,0.00173828125,0.02703125,5.80078125,7.4296875
211,7188.3203125,69921.875,38125.0,332031.25,0.00131640625,0.02734375,5.68359375,7.4296875
212,8438.2890625,65234.375,38125.0,332031.25,0.00131640625,0.02734375,5.68359375,7.4296875
213,8438.2890625,69921.875,38125.0,332031.25,0.00131640625,0.02734375,5.68359375,7.4296875
214,8438.2890625,69921.875,38125.0,149218.75,0.00131640625,0.02734375,5.68359375,7.4296875
215,8438.2890625,69921.875,38125.0,332031.25,0.00173828125,0.02734375,5.68359375,7.4296875
216,8438.2890625,69921.875,38125.0,332031.25,0.00131640625,0.02703125,5.68359375,7.4296875
217,8438.2890625,69921.875,38125.0,332031.25,0.00131640625,0.02734375,5.80078125,7.4296875
218,8438.2890625,69921.875,38125.0,332031.25,0.00131640625,0.02734375,5.68359375,6.3515625
219,8438.2890625,69921.875,38125.0,332031.25,0.00131640625,0.02734375,5.68359375,7.4296875
220,27187.8203125,90234.375,78125.0,599218.75,0.00248828125,0.017031249999999998,7.05078125,7.8515625
221,28437.7890625,90234.375,78125.0,599218.75,0.00248828125,0.017031249999999998,7.05078125,7.8515625
222,27187.8203125,94921.875,78125.0,599218.75,0.00248828125,0.017031249999999998,7.05078125,7.8515625
223,27187.8203125,90234.375,78125.0,599218.75,0.00248828125,0.017031249999999998,7.05078125,7.8515625
224,27187.8203125,90234.375,78125.0,782031.25,0.00248828125,0.017031249999999998,7.05078125,7.8515625
225,27187.8203125,90234.375,78125.0,599218.75,0.00206640625,0.017031249999999998,7.05078125,7.8515625
226,27187.8203125,90234.375,78125.0,599218.75,0.00248828125,0.017343749999999998,7.05078125,7.8515625
227,27187.8203125,90234.375,78125.0,599218.75,0.00248828125,0.017031249999999998,6.93359375,7.8515625
228,27187.8203125,90234.375,78125.0,599218.75,0.00248828125,0.017031249999999998,7.05078125,8.9296875
229,27187.8203125,94921.875,78125.0,782031.25,0.00206640625,0.017343749999999998,6.93359375,8.9296875
