,savings_lower,savings_upper,price_lower,price_upper,payoff_perc_freehold,inflation,chi_parameter,bank_income_multiplier
0,28437.7890625,90234.375,78125.0,782031.25,0.00206640625,0.017343749999999998,6.93359375,8.9296875
1,28437.7890625,94921.875,78125.0,782031.25,0.00206640625,0.017343749999999998,6.93359375,8.9296875
2,28437.7890625,94921.875,78125.0,599218.75,0.00206640625,0.017343749999999998,6.93359375,8.9296875
3,28437.7890625,94921.875,78125.0,782031.25,0.00248828125,0.017343749999999998,6.93359375,8.9296875
4,28437.7890625,94921.875,78125.0,782031.25,0.00206640625,0.017031249999999998,6.93359375,8.9296875
5,28437.7890625,94921.875,78125.0,782031.25,0.00206640625,0.017343749999999998,7.05078125,8.9296875
6,28437.7890625,94921.875,78125.0,782031.25,0.00206640625,0.017343749999999998,6.93359375,7.8515625
7,28437.7890625,94921.875,78125.0,782031.25,0.00206640625,0.017343749999999998,6.93359375,8.9296875
8,37187.5703125,52734.375,18125.0,374218.75,0.00211328125,0.01203125,5.17578125,8.6015625
9,38437.5390625,52734.375,18125.0,374218.75,0.00211328125,0.01203125,5.17578125,8.6015625
10,37187.5703125,82421.875,18125.0,374218.75,0.00211328125,0.01203125,5.17578125,8.6015625
11,37187.5703125,52734.375,58125.0,374218.75,0.00211328125,0.01203125,5.17578125,8.6015625
12,37187.5703125,52734.375,18125.0,557031.25,0.00211328125,0.01203125,5.17578125,8.6015625
13,37187.5703125,52734.375,18125.0,374218.75,0.00169140625,0.01203125,5.17578125,8.6015625
14,37187.5703125,52734.375,18125.0,374218.75,0.00211328125,0.02234375,5.17578125,8.6015625
15,37187.5703125,52734.375,18125.0,374218.75,0.00211328125,0.01203125,6.30859375,8.6015625
16,37187.5703125,52734.375,18125.0,374218.75,0.00211328125,0.01203125,5.17578125,6.6796875
17,37187.5703125,82421.875,58125.0,557031.25,0.00169140625,0.02234375,6.30859375,6.6796875
18,38437.5390625,52734.375,58125.0,557031.25,0.00169140625,0.02234375,6.30859375,6.6796875
19,38437.5390625,82421.875,18125.0,557031.25,0.00169140625,0.02234375,6.30859375,6.6796875
20,38437.5390625,82421.875,58125.0,374218.75,0.00169140625,0.02234375,6.30859375,6.6796875
21,38437.5390625,82421.875,58125.0,557031.25,0.00211328125,0.02234375,6.30859375,6.6796875
22,38437.5390625,82421.875,58125.0,557031.25,0.00169140625,0.01203125,6.30859375,6.6796875
23,38437.5390625,82421.875,58125.0,557031.25,0.00169140625,0.02234375,5.17578125,6.6796875
24,38437.5390625,82421.875,58125.0,557031.25,0.00169140625,0.02234375,6.30859375,8.6015625
25,38437.5390625,82421.875,58125.0,557031.25,0.00169140625,0.02234375,6.30859375,6.6796875
26,17188.0703125,77734.375,58125.0,824218.75,0.00136328125,0.02203125,6.42578125,7.1015625
27,18438.0390625,77734.375,58125.0,824218.75,0.00136328125,0.02203125,6.42578125,7.1015625
28,17188.0703125,57421.875,58125.0,824218.75,0.00136328125,0.02203125,6.42578125,7.1015625
29,17188.0703125,77734.375,18125.0,824218.75,0.00136328125,0.02203125,6.42578125,7.1015625
30,17188.0703125,77734.375,58125.0,107031.25,0.00136328125,0.02203125,6.42578125,7.1015625
31,17188.0703125,77734.375,58125.0,824218.75,0.00244140625,0.02203125,6.42578125,7.1015625
32,17188.0703125,77734.375,58125.0,824218.75,0.00136328125,0.01234375,6.42578125,7.1015625
33,17188.0703125,77734.375,58125.0,824218.75,0.00136328125,0.02203125,5.05859375,7.1015625
34,17188.0703125,77734.375,58125.0,824218.75,0.00136328125,0.02203125,6.42578125,8.1796875
35,17188.0703125,57421.875,18125.0,107031.25,0.00244140625,0.01234375,5.05859375,8.1796875
36,18438.0390625,77734.375,18125.0,107031.25,0.00244140625,0.01234375,5.05859375,8.1796875
37,18438.0390625,57421.875,58125.0,107031.25,0.00244140625,0.01234375,5.05859375,8.1796875
38,18438.0390625,57421.875,18125.0,824218.75,0.00244140625,0.01234375,5.05859375,8.1796875
39,18438.0390625,57421.875,18125.0,107031.25,0.00136328125,0.01234375,5.05859375,8.1796875
40,18438.0390625,57421.875,18125.0,107031.25,0.00244140625,0.02203125,5.05859375,8.1796875
41,18438.0390625,57421.875,18125.0,107031.25,0.00244140625,0.01234375,6.42578125,8.1796875
42,18438.0390625,57421.875,18125.0,107031.25,0.00244140625,0.01234375,5.05859375,7.1015625
43,18438.0390625,57421.875,18125.0,107031.25,0.00244140625,0.01234375,5.05859375,8.1796875
44,12188.1953125,58984.375,88125.0,936718.75,0.00117578125,0.029531249999999995,5.48828125,8.9765625
45,33437.6640625,58984.375,88125.0,936718.75,0.00117578125,0.029531249999999995,5.48828125,8.9765625
46,12188.1953125,88671.875,88125.0,936718.75,0.00117578125,0.029531249999999995,5.48828125,8.9765625
47,12188.1953125,58984.375,68125.0,936718.75,0.00117578125,0.029531249999999995,5.48828125,8.9765625
48,12188.1953125,58984.375,88125.0,219531.25,0.00117578125,0.029531249999999995,5.48828125,8.9765625
49,12188.1953125,58984.375,88125.0,936718.75,0.00150390625,0.029531249999999995,5.48828125,8.9765625
50,12188.1953125,58984.375,88125.0,936718.75,0.00117578125,0.01984375,5.48828125,8.9765625
51,12188.1953125,58984.375,88125.0,936718.75,0.00117578125,0.029531249999999995,5.37109375,8.9765625
52,12188.1953125,58984.375,88125.0,936718.75,0.00117578125,0.029531249999999995,5.48828125,7.8046875
53,12188.1953125,88671.875,68125.0,219531.25,0.00150390625,0.01984375,5.37109375,7.8046875
54,33437.6640625,58984.375,68125.0,219531.25,0.00150390625,0.01984375,5.37109375,7.8046875
55,33437.6640625,88671.875,88125.0,219531.25,0.00150390625,0.01984375,5.37109375,7.8046875
56,33437.6640625,88671.875,68125.0,936718.75,0.00150390625,0.01984375,5.37109375,7.8046875
57,33437.6640625,88671.875,68125.0,219531.25,0.00117578125,0.01984375,5.37109375,7.8046875
58,33437.6640625,88671.875,68125.0,219531.25,0.00150390625,0.029531249999999995,5.37109375,7.8046875
59,33437.6640625,88671.875,68125.0,219531.25,0.00150390625,0.01984375,5.48828125,7.8046875
60,33437.6640625,88671.875,68125.0,219531.25,0.00150390625,0.01984375,5.37109375,8.9765625
61,33437.6640625,88671.875,68125.0,219531.25,0.00150390625,0.01984375,5.37109375,7.8046875
62,32187.6953125,83984.375,48125.0,486718.75,0.00192578125,0.01953125,6.73828125,7.4765625
63,13438.1640625,83984.375,48125.0,486718.75,0.00192578125,0.01953125,6.73828125,7.4765625
64,32187.6953125,63671.875,48125.0,486718.75,0.00192578125,0.01953125,6.73828125,7.4765625
65,32187.6953125,83984.375,28125.0,486718.75,0.00192578125,0.01953125,6.73828125,7.4765625
66,32187.6953125,83984.375,48125.0,669531.25,0.00192578125,0.01953125,6.73828125,7.4765625
67,32187.6953125,83984.375,48125.0,486718.75,0.00225390625,0.01953125,6.73828125,7.4765625
68,32187.6953125,83984.375,48125.0,486718.75,0.00192578125,0.029843749999999995,6.73828125,7.4765625
69,32187.6953125,83984.375,48125.0,486718.75,0.00192578125,0.01953125,6.62109375,7.4765625
70,32187.6953125,83984.375,48125.0,486718.75,0.00192578125,0.01953125,6.73828125,6.3046875
71,32187.6953125,63671.875,28125.0,669531.25,0.00225390625,0.029843749999999995,6.62109375,6.3046875
72,13438.1640625,83984.375,28125.0,669531.25,0.00225390625,0.029843749999999995,6.62109375,6.3046875
73,13438.1640625,63671.875,48125.0,669531.25,0.00225390625,0.029843749999999995,6.62109375,6.3046875
74,13438.1640625,63671.875,28125.0,486718.75,0.00225390625,0.029843749999999995,6.62109375,6.3046875
75,13438.1640625,63671.875,28125.0,669531.25,0.00192578125,0.029843749999999995,6.62109375,6.3046875
76,13438.1640625,63671.875,28125.0,669531.25,0.00225390625,0.01953125,6.62109375,6.3046875
77,13438.1640625,63671.875,28125.0,669531.25,0.00225390625,0.029843749999999995,6.73828125,6.3046875
78,13438.1640625,63671.875,28125.0,669531.25,0.00225390625,0.029843749999999995,6.62109375,7.4765625
79,13438.1640625,63671.875,28125.0,669531.25,0.00225390625,0.029843749999999995,6.62109375,6.3046875
80,22187.9453125,71484.375,68125.0,711718.75,0.00230078125,0.014531249999999999,6.11328125,6.7265625
81,3438.4140625,71484.375,68125.0,711718.75,0.00230078125,0.014531249999999999,6.11328125,6.7265625
82,22187.9453125,51171.875,68125.0,711718.75,0.00230078125,0.014531249999999999,6.11328125,6.7265625
83,22187.9453125,71484.375,48125.0,711718.75,0.00230078125,0.014531249999999999,6.11328125,6.7265625
84,22187.9453125,71484.375,68125.0,894531.25,0.00230078125,0.014531249999999999,6.11328125,6.7265625
85,22187.9453125,71484.375,68125.0,711718.75,0.0011289062500000001,0.014531249999999999,6.11328125,6.7265625
86,22187.9453125,71484.375,68125.0,711718.75,0.00230078125,0.01484375,6.11328125,6.7265625
87,22187.9453125,71484.375,68125.0,711718.75,0.00230078125,0.014531249999999999,7.24609375,6.7265625
88,22187.9453125,71484.375,68125.0,711718.75,0.00230078125,0.014531249999999999,6.11328125,8.5546875
89,22187.9453125,51171.875,48125.0,894531.25,0.0011289062500000001,0.01484375,7.24609375,8.5546875
90,3438.4140625,71484.375,48125.0,894531.25,0.0011289062500000001,0.01484375,7.24609375,8.5546875
91,3438.4140625,51171.875,68125.0,894531.25,0.0011289062500000001,0.01484375,7.24609375,8.5546875
92,3438.4140625,51171.875,48125.0,711718.75,0.0011289062500000001,0.01484375,7.24609375,8.5546875
93,3438.4140625,51171.875,48125.0,894531.25,0.00230078125,0.01484375,7.24609375,8.5546875
94,3438.4140625,51171.875,48125.0,894531.25,0.0011289062500000001,0.014531249999999999,7.24609375,8.5546875
95,3438.4140625,51171.875,48125.0,894531.25,0.0011289062500000001,0.01484375,6.11328125,8.5546875
96,3438.4140625,51171.875,48125.0,894531.25,0.0011289062500000001,0.01484375,7.24609375,6.7265625
97,3438.4140625,51171.875,48125.0,894531.25,0.0011289062500000001,0.01484375,7.24609375,8.5546875
98,2188.4453125,96484.375,28125.0,261718.75,0.00155078125,0.024531249999999998,7.36328125,8.2265625
99,23437.9140625,96484.375,28125.0,261718.75,0.00155078125,0.024531249999999998,7.36328125,8.2265625
100,2188.4453125,76171.875,28125.0,261718.75,0.00155078125,0.024531249999999998,7.36328125,8.2265625
101,2188.4453125,96484.375,88125.0,261718.75,0.00155078125,0.024531249999999998,7.36328125,8.2265625
102,2188.4453125,96484.375,28125.0,444531.25,0.00155078125,0.024531249999999998,7.36328125,8.2265625
103,2188.4453125,96484.375,28125.0,261718.75,0.00187890625,0.024531249999999998,7.36328125,8.2265625
104,2188.4453125,96484.375,28125.0,261718.75,0.00155078125,0.024843749999999998,7.36328125,8.2265625
105,2188.4453125,96484.375,28125.0,261718.75,0.00155078125,0.024531249999999998,5.99609375,8.2265625
106,2188.4453125,96484.375,28125.0,261718.75,0.00155078125,0.024531249999999998,7.36328125,7.0546875
107,2188.4453125,76171.875,88125.0,444531.25,0.00187890625,0.024843749999999998,5.99609375,7.0546875
108,23437.9140625,96484.375,88125.0,444531.25,0.00187890625,0.024843749999999998,5.99609375,7.0546875
109,23437.9140625,76171.875,28125.0,444531.25,0.00187890625,0.024843749999999998,5.99609375,7.0546875
110,23437.9140625,76171.875,88125.0,261718.75,0.00187890625,0.024843749999999998,5.99609375,7.0546875
111,23437.9140625,76171.875,88125.0,444531.25,0.00155078125,0.024843749999999998,5.99609375,7.0546875
112,23437.9140625,76171.875,88125.0,444531.25,0.00187890625,0.024531249999999998,5.99609375,7.0546875
113,23437.9140625,76171.875,88125.0,444531.25,0.00187890625,0.024843749999999998,7.36328125,7.0546875
114,23437.9140625,76171.875,88125.0,444531.25,0.00187890625,0.024843749999999998,5.99609375,8.2265625
115,23437.9140625,76171.875,88125.0,444531.25,0.00187890625,0.024843749999999998,5.99609375,7.0546875
116,1563.4609375,56640.625,41875.0,416406.25,0.00176171875,0.02234375,5.99609375,7.8046875
117,10313.2421875,56640.625,41875.0,416406.25,0.00176171875,0.02234375,5.99609375,7.8046875
118,1563.4609375,53515.625,41875.0,416406.25,0.00176171875,0.02234375,5.99609375,7.8046875
119,1563.4609375,56640.625,56875.0,416406.25,0.00176171875,0.02234375,5.99609375,7.8046875
120,1563.4609375,56640.625,41875.0,824218.75,0.00176171875,0.02234375,5.99609375,7.8046875
121,1563.4609375,56640.625,41875.0,416406.25,0.00115234375,0.02234375,5.99609375,7.8046875
122,1563.4609375,56640.625,41875.0,416406.25,0.00176171875,0.01953125,5.99609375,7.8046875
123,1563.4609375,56640.625,41875.0,416406.25,0.00176171875,0.02234375,5.48828125,7.8046875
124,1563.4609375,56640.625,41875.0,416406.25,0.00176171875,0.02234375,5.99609375,7.8515625
125,1563.4609375,53515.625,56875.0,824218.75,0.00115234375,0.01953125,5.48828125,7.8515625
126,10313.2421875,56640.625,56875.0,824218.75,0.00115234375,0.01953125,5.48828125,7.8515625
127,10313.2421875,53515.625,41875.0,824218.75,0.00115234375,0.01953125,5.48828125,7.8515625
128,10313.2421875,53515.625,56875.0,416406.25,0.00115234375,0.01953125,5.48828125,7.8515625
129,10313.2421875,53515.625,56875.0,824218.75,0.00176171875,0.01953125,5.48828125,7.8515625
130,10313.2421875,53515.625,56875.0,824218.75,0.00115234375,0.02234375,5.48828125,7.8515625
131,10313.2421875,53515.625,56875.0,824218.75,0.00115234375,0.01953125,5.99609375,7.8515625
132,10313.2421875,53515.625,56875.0,824218.75,0.00115234375,0.01953125,5.48828125,7.8046875
133,10313.2421875,53515.625,56875.0,824218.75,0.00115234375,0.01953125,5.48828125,7.8515625
134,21562.9609375,81640.625,81875.0,866406.25,0.00101171875,0.01234375,7.24609375,6.3046875
135,30312.7421875,81640.625,81875.0,866406.25,0.00101171875,0.01234375,7.24609375,6.3046875
136,21562.9609375,78515.625,81875.0,866406.25,0.00101171875,0.01234375,7.24609375,6.3046875
137,21562.9609375,81640.625,16875.0,866406.25,0.00101171875,0.01234375,7.24609375,6.3046875
138,21562.9609375,81640.625,81875.0,374218.75,0.00101171875,0.01234375,7.24609375,6.3046875
139,21562.9609375,81640.625,81875.0,866406.25,0.00190234375,0.01234375,7.24609375,6.3046875
140,21562.9609375,81640.625,81875.0,866406.25,0.00101171875,0.029531249999999995,7.24609375,6.3046875
141,21562.9609375,81640.625,81875.0,866406.25,0.00101171875,0.01234375,6.73828125,6.3046875
142,21562.9609375,81640.625,81875.0,866406.25,0.00101171875,0.01234375,7.24609375,6.3515625
143,21562.9609375,78515.625,16875.0,374218.75,0.00190234375,0.029531249999999995,6.73828125,6.3515625
144,30312.7421875,81640.625,16875.0,374218.75,0.00190234375,0.029531249999999995,6.73828125,6.3515625
145,30312.7421875,78515.625,81875.0,374218.75,0.00190234375,0.029531249999999995,6.73828125,6.3515625
146,30312.7421875,78515.625,16875.0,866406.25,0.00190234375,0.029531249999999995,6.73828125,6.3515625
147,30312.7421875,78515.625,16875.0,374218.75,0.00101171875,0.029531249999999995,6.73828125,6.3515625
148,30312.7421875,78515.625,16875.0,374218.75,0.00190234375,0.01234375,6.73828125,6.3515625
149,30312.7421875,78515.625,16875.0,374218.75,0.00190234375,0.029531249999999995,7.24609375,6.3515625
150,30312.7421875,78515.625,16875.0,374218.75,0.00190234375,0.029531249999999995,6.73828125,6.3046875
151,30312.7421875,78515.625,16875.0,374218.75,0.00190234375,0.029531249999999995,6.73828125,6.3515625
152,31562.7109375,69140.625,21875.0,191406.25,0.00138671875,0.017343749999999998,5.37109375,7.0546875
153,20312.9921875,69140.625,21875.0,191406.25,0.00138671875,0.017343749999999998,5.37109375,7.0546875
154,31562.7109375,91015.625,21875.0,191406.25,0.00138671875,0.017343749999999998,5.37109375,7.0546875
155,31562.7109375,69140.625,36875.0,191406.25,0.00138671875,0.017343749999999998,5.37109375,7.0546875
156,31562.7109375,69140.625,21875.0,149218.75,0.00138671875,0.017343749999999998,5.37109375,7.0546875
157,31562.7109375,69140.625,21875.0,191406.25,0.00152734375,0.017343749999999998,5.37109375,7.0546875
158,31562.7109375,69140.625,21875.0,191406.25,0.00138671875,0.014531249999999999,5.37109375,7.0546875
159,31562.7109375,69140.625,21875.0,191406.25,0.00138671875,0.017343749999999998,7.36328125,7.0546875
160,31562.7109375,69140.625,21875.0,191406.25,0.00138671875,0.017343749999999998,5.37109375,8.6015625
161,31562.7109375,91015.625,36875.0,149218.75,0.00152734375,0.014531249999999999,7.36328125,8.6015625
162,20312.9921875,69140.625,36875.0,149218.75,0.00152734375,0.014531249999999999,7.36328125,8.6015625
163,20312.9921875,91015.625,21875.0,149218.75,0.00152734375,0.014531249999999999,7.36328125,8.6015625
164,20312.9921875,91015.625,36875.0,191406.25,0.00152734375,0.014531249999999999,7.36328125,8.6015625
165,20312.9921875,91015.625,36875.0,149218.75,0.00138671875,0.014531249999999999,7.36328125,8.6015625
166,20312.9921875,91015.625,36875.0,149218.75,0.00152734375,0.017343749999999998,7.36328125,8.6015625
167,20312.9921875,91015.625,36875.0,149218.75,0.00152734375,0.014531249999999999,5.37109375,8.6015625
168,20312.9921875,91015.625,36875.0,149218.75,0.00152734375,0.014531249999999999,7.36328125,7.0546875
169,20312.9921875,91015.625,36875.0,149218.75,0.00152734375,0.014531249999999999,7.36328125,8.6015625
170,11563.2109375,94140.625,61875.0,641406.25,0.0021367187499999997,0.02734375,6.62109375,8.5546875
171,313.4921875,94140.625,61875.0,641406.25,0.0021367187499999997,0.02734375,6.62109375,8.5546875
172,11563.2109375,66015.625,61875.0,641406.25,0.0021367187499999997,0.02734375,6.62109375,8.5546875
173,11563.2109375,94140.625,76875.0,641406.25,0.0021367187499999997,0.02734375,6.62109375,8.5546875
174,11563.2109375,94140.625,61875.0,599218.75,0.0021367187499999997,0.02734375,6.62109375,8.5546875
175,11563.2109375,94140.625,61875.0,641406.25,0.00227734375,0.02734375,6.62109375,8.5546875
176,11563.2109375,94140.625,61875.0,641406.25,0.0021367187499999997,0.024531249999999998,6.62109375,8.5546875
177,11563.2109375,94140.625,61875.0,641406.25,0.0021367187499999997,0.02734375,6.11328125,8.5546875
178,11563.2109375,94140.625,61875.0,641406.25,0.0021367187499999997,0.02734375,6.62109375,7.1015625
179,11563.2109375,66015.625,76875.0,599218.75,0.00227734375,0.024531249999999998,6.11328125,7.1015625
180,313.4921875,94140.625,76875.0,599218.75,0.00227734375,0.024531249999999998,6.11328125,7.1015625
181,313.4921875,66015.625,61875.0,599218.75,0.00227734375,0.024531249999999998,6.11328125,7.1015625
182,313.4921875,66015.625,76875.0,641406.25,0.00227734375,0.024531249999999998,6.11328125,7.1015625
183,313.4921875,66015.625,76875.0,599218.75,0.0021367187499999997,0.024531249999999998,6.11328125,7.1015625
184,313.4921875,66015.625,76875.0,599218.75,0.00227734375,0.02734375,6.11328125,7.1015625
185,313.4921875,66015.625,76875.0,599218.75,0.00227734375,0.024531249999999998,6.62109375,7.1015625
186,313.4921875,66015.625,76875.0,599218.75,0.00227734375,0.024531249999999998,6.11328125,8.5546875
187,313.4921875,66015.625,76875.0,599218.75,0.00227734375,0.024531249999999998,6.11328125,7.1015625
188,16563.0859375,62890.625,71875.0,753906.25,0.00232421875,0.024843749999999998,5.05859375,7.4296875
189,25312.8671875,62890.625,71875.0,753906.25,0.00232421875,0.024843749999999998,5.05859375,7.4296875
190,16563.0859375,84765.625,71875.0,753906.25,0.00232421875,0.024843749999999998,5.05859375,7.4296875
191,16563.0859375,62890.625,46875.0,753906.25,0.00232421875,0.024843749999999998,5.05859375,7.4296875
192,16563.0859375,62890.625,71875.0,711718.75,0.00232421875,0.024843749999999998,5.05859375,7.4296875
193,16563.0859375,62890.625,71875.0,753906.25,0.00171484375,0.024843749999999998,5.05859375,7.4296875
194,16563.0859375,62890.625,71875.0,753906.25,0.00232421875,0.02703125,5.05859375,7.4296875
195,16563.0859375,62890.625,71875.0,753906.25,0.00232421875,0.024843749999999998,5.80078125,7.4296875
196,16563.0859375,62890.625,71875.0,753906.25,0.00232421875,0.024843749999999998,5.05859375,7.4765625
197,16563.0859375,84765.625,46875.0,711718.75,0.00171484375,0.02703125,5.80078125,7.4765625
198,25312.8671875,62890.625,46875.0,711718.75,0.00171484375,0.02703125,5.80078125,7.4765625
199,25312.8671875,84765.625,71875.0,711718.75,0.00171484375,0.02703125,5.80078125,7.4765625
200,25312.8671875,84765.625,46875.0,753906.25,0.00171484375,0.02703125,5.80078125,7.4765625
201,25312.8671875,84765.625,46875.0,711718.75,0.00232421875,0.02703125,5.80078125,7.4765625
202,25312.8671875,84765.625,46875.0,711718.75,0.00171484375,0.024843749999999998,5.80078125,7.4765625
203,25312.8671875,84765.625,46875.0,711718.75,0.00171484375,0.02703125,5.05859375,7.4765625
204,25312.8671875,84765.625,46875.0,711718.75,0.00171484375,0.02703125,5.80078125,7.4296875
205,25312.8671875,84765.625,46875.0,711718.75,0.00171484375,0.02703125,5.80078125,7.4765625
206,36562.5859375,87890.625,31875.0,303906.25,0.00157421875,0.01484375,6.30859375,8.9296875
207,5313.3671875,87890.625,31875.0,303906.25,0.00157421875,0.01484375,6.30859375,8.9296875
208,36562.5859375,59765.625,31875.0,303906.25,0.00157421875,0.01484375,6.30859375,8.9296875
209,36562.5859375,87890.625,86875.0,303906.25,0.00157421875,0.01484375,6.30859375,8.9296875
210,36562.5859375,87890.625,31875.0,261718.75,0.00157421875,0.01484375,6.30859375,8.9296875
211,36562.5859375,87890.625,31875.0,303906.25,0.00246484375,0.01484375,6.30859375,8.9296875
212,36562.5859375,87890.625,31875.0,303906.25,0.00157421875,0.017031249999999998,6.30859375,8.9296875
213,36562.5859375,87890.625,31875.0,303906.25,0.00157421875,0.01484375,7.05078125,8.9296875
214,36562.5859375,87890.625,31875.0,303906.25,0.00157421875,0.01484375,6.30859375,8.9765625
215,36562.5859375,59765.625,86875.0,261718.75,0.00246484375,0.017031249999999998,7.05078125,8.9765625
216,5313.3671875,87890.625,86875.0,261718.75,0.00246484375,0.017031249999999998,7.05078125,8.9765625
217,5313.3671875,59765.625,31875.0,261718.75,0.00246484375,0.017031249999999998,7.05078125,8.9765625
218,5313.3671875,59765.625,86875.0,303906.25,0.00246484375,0.017031249999999998,7.05078125,8.9765625
219,5313.3671875,59765.625,86875.0,261718.75,0.00157421875,0.017031249999999998,7.05078125,8.9765625
220,5313.3671875,59765.625,86875.0,261718.75,0.00246484375,0.01484375,7.05078125,8.9765625
221,5313.3671875,59765.625,86875.0,261718.75,0.00246484375,0.017031249999999998,6.30859375,8.9765625
222,5313.3671875,59765.625,86875.0,261718.75,0.00246484375,0.017031249999999998,7.05078125,8.9296875
223,5313.3671875,59765.625,86875.0,261718.75,0.00246484375,0.017031249999999998,7.05078125,8.9765625
224,26562.8359375,50390.625,51875.0,978906.25,0.00119921875,0.01984375,5.68359375,8.1796875
225,15313.1171875,50390.625,51875.0,978906.25,0.00119921875,0.01984375,5.68359375,8.1796875
226,26562.8359375,72265.625,51875.0,978906.25,0.00119921875,0.01984375,5.68359375,8.1796875
227,26562.8359375,50390.625,66875.0,978906.25,0.00119921875,0.01984375,5.68359375,8.1796875
228,26562.8359375,50390.625,51875.0,486718.75,0.00119921875,0.01984375,5.68359375,8.1796875
229,26562.8359375,50390.625,51875.0,978906.25,0.00133984375,0.01984375,5.68359375,8.1796875
