,savings_lower,savings_upper,price_lower,price_upper,payoff_perc_freehold,inflation,chi_parameter,bank_income_multiplier
0,26562.8359375,50390.625,51875.0,978906.25,0.00119921875,0.02203125,5.68359375,8.1796875
1,26562.8359375,50390.625,51875.0,978906.25,0.00119921875,0.01984375,6.42578125,8.1796875
2,26562.8359375,50390.625,51875.0,978906.25,0.00119921875,0.01984375,5.68359375,6.7265625
3,26562.8359375,72265.625,66875.0,486718.75,0.00133984375,0.02203125,6.42578125,6.7265625
4,15313.1171875,50390.625,66875.0,486718.75,0.00133984375,0.02203125,6.42578125,6.7265625
5,15313.1171875,72265.625,51875.0,486718.75,0.00133984375,0.02203125,6.42578125,6.7265625
6,15313.1171875,72265.625,66875.0,978906.25,0.00133984375,0.02203125,6.42578125,6.7265625
7,15313.1171875,72265.625,66875.0,486718.75,0.00119921875,0.02203125,6.42578125,6.7265625
8,15313.1171875,72265.625,66875.0,486718.75,0.00133984375,0.01984375,6.42578125,6.7265625
9,15313.1171875,72265.625,66875.0,486718.75,0.00133984375,0.02203125,5.68359375,6.7265625
10,15313.1171875,72265.625,66875.0,486718.75,0.00133984375,0.02203125,6.42578125,8.1796875
11,15313.1171875,72265.625,66875.0,486718.75,0.00133984375,0.02203125,6.42578125,6.7265625
12,6563.3359375,75390.625,11875.0,528906.25,0.00194921875,0.029843749999999995,6.93359375,6.6796875
13,35312.6171875,75390.625,11875.0,528906.25,0.00194921875,0.029843749999999995,6.93359375,6.6796875
14,6563.3359375,97265.625,11875.0,528906.25,0.00194921875,0.029843749999999995,6.93359375,6.6796875
15,6563.3359375,75390.625,26875.0,528906.25,0.00194921875,0.029843749999999995,6.93359375,6.6796875
16,6563.3359375,75390.625,11875.0,936718.75,0.00194921875,0.029843749999999995,6.93359375,6.6796875
17,6563.3359375,75390.625,11875.0,528906.25,0.00208984375,0.029843749999999995,6.93359375,6.6796875
18,6563.3359375,75390.625,11875.0,528906.25,0.00194921875,0.01203125,6.93359375,6.6796875
19,6563.3359375,75390.625,11875.0,528906.25,0.00194921875,0.029843749999999995,5.17578125,6.6796875
20,6563.3359375,75390.625,11875.0,528906.25,0.00194921875,0.029843749999999995,6.93359375,8.2265625
21,6563.3359375,97265.625,26875.0,936718.75,0.00208984375,0.01203125,5.17578125,8.2265625
22,35312.6171875,75390.625,26875.0,936718.75,0.00208984375,0.01203125,5.17578125,8.2265625
23,35312.6171875,97265.625,11875.0,936718.75,0.00208984375,0.01203125,5.17578125,8.2265625
24,35312.6171875,97265.625,26875.0,528906.25,0.00208984375,0.01203125,5.17578125,8.2265625
25,35312.6171875,97265.625,26875.0,936718.75,0.00194921875,0.01203125,5.17578125,8.2265625
26,35312.6171875,97265.625,26875.0,936718.75,0.00208984375,0.029843749999999995,5.17578125,8.2265625
27,35312.6171875,97265.625,26875.0,936718.75,0.00208984375,0.01203125,6.93359375,8.2265625
28,35312.6171875,97265.625,26875.0,936718.75,0.00208984375,0.01203125,5.17578125,6.6796875
29,35312.6171875,97265.625,26875.0,936718.75,0.00208984375,0.01203125,5.17578125,8.2265625
30,9063.2734375,72265.625,56875.0,247656.25,0.0011054687500000001,0.02609375,5.21484375,7.2421875
31,27812.8046875,72265.625,56875.0,247656.25,0.0011054687500000001,0.02609375,5.21484375,7.2421875
32,9063.2734375,62890.625,56875.0,247656.25,0.0011054687500000001,0.02609375,5.21484375,7.2421875
33,9063.2734375,72265.625,21875.0,247656.25,0.0011054687500000001,0.02609375,5.21484375,7.2421875
34,9063.2734375,72265.625,56875.0,880468.75,0.0011054687500000001,0.02609375,5.21484375,7.2421875
35,9063.2734375,72265.625,56875.0,247656.25,0.00237109375,0.02609375,5.21484375,7.2421875
36,9063.2734375,72265.625,56875.0,247656.25,0.0011054687500000001,0.02078125,5.21484375,7.2421875
37,9063.2734375,72265.625,56875.0,247656.25,0.0011054687500000001,0.02609375,7.20703125,7.2421875
38,9063.2734375,72265.625,56875.0,247656.25,0.0011054687500000001,0.02609375,5.21484375,7.2890625
39,9063.2734375,62890.625,21875.0,880468.75,0.00237109375,0.02078125,7.20703125,7.2890625
40,27812.8046875,72265.625,21875.0,880468.75,0.00237109375,0.02078125,7.20703125,7.2890625
41,27812.8046875,62890.625,56875.0,880468.75,0.00237109375,0.02078125,7.20703125,7.2890625
42,27812.8046875,62890.625,21875.0,247656.25,0.00237109375,0.02078125,7.20703125,7.2890625
43,27812.8046875,62890.625,21875.0,880468.75,0.0011054687500000001,0.02078125,7.20703125,7.2890625
44,27812.8046875,62890.625,21875.0,880468.75,0.00237109375,0.02609375,7.20703125,7.2890625
45,27812.8046875,62890.625,21875.0,880468.75,0.00237109375,0.02078125,5.21484375,7.2890625
46,27812.8046875,62890.625,21875.0,880468.75,0.00237109375,0.02078125,7.20703125,7.2421875
47,27812.8046875,62890.625,21875.0,880468.75,0.00237109375,0.02078125,7.20703125,7.2890625
48,29062.7734375,97265.625,16875.0,697656.25,0.00185546875,0.01609375,6.46484375,8.7421875
49,7813.3046875,97265.625,16875.0,697656.25,0.00185546875,0.01609375,6.46484375,8.7421875
50,29062.7734375,87890.625,16875.0,697656.25,0.00185546875,0.01609375,6.46484375,8.7421875
51,29062.7734375,97265.625,61875.0,697656.25,0.00185546875,0.01609375,6.46484375,8.7421875
52,29062.7734375,97265.625,16875.0,430468.75,0.00185546875,0.01609375,6.46484375,8.7421875
53,29062.7734375,97265.625,16875.0,697656.25,0.0016210937500000001,0.01609375,6.46484375,8.7421875
54,29062.7734375,97265.625,16875.0,697656.25,0.00185546875,0.01078125,6.46484375,8.7421875
55,29062.7734375,97265.625,16875.0,697656.25,0.00185546875,0.01609375,5.95703125,8.7421875
56,29062.7734375,97265.625,16875.0,697656.25,0.00185546875,0.01609375,6.46484375,8.7890625
57,29062.7734375,87890.625,61875.0,430468.75,0.0016210937500000001,0.01078125,5.95703125,8.7890625
58,7813.3046875,97265.625,61875.0,430468.75,0.0016210937500000001,0.01078125,5.95703125,8.7890625
59,7813.3046875,87890.625,16875.0,430468.75,0.0016210937500000001,0.01078125,5.95703125,8.7890625
60,7813.3046875,87890.625,61875.0,697656.25,0.0016210937500000001,0.01078125,5.95703125,8.7890625
61,7813.3046875,87890.625,61875.0,430468.75,0.00185546875,0.01078125,5.95703125,8.7890625
62,7813.3046875,87890.625,61875.0,430468.75,0.0016210937500000001,0.01609375,5.95703125,8.7890625
63,7813.3046875,87890.625,61875.0,430468.75,0.0016210937500000001,0.01078125,6.46484375,8.7890625
64,7813.3046875,87890.625,61875.0,430468.75,0.0016210937500000001,0.01078125,5.95703125,8.7421875
65,7813.3046875,87890.625,61875.0,430468.75,0.0016210937500000001,0.01078125,5.95703125,8.7890625
66,39062.5234375,59765.625,76875.0,472656.25,0.00223046875,0.01109375,5.83984375,7.9921875
67,17813.0546875,59765.625,76875.0,472656.25,0.00223046875,0.01109375,5.83984375,7.9921875
68,39062.5234375,75390.625,76875.0,472656.25,0.00223046875,0.01109375,5.83984375,7.9921875
69,39062.5234375,59765.625,81875.0,472656.25,0.00223046875,0.01109375,5.83984375,7.9921875
70,39062.5234375,59765.625,76875.0,205468.75,0.00223046875,0.01109375,5.83984375,7.9921875
71,39062.5234375,59765.625,76875.0,472656.25,0.00199609375,0.01109375,5.83984375,7.9921875
72,39062.5234375,59765.625,76875.0,472656.25,0.00223046875,0.02578125,5.83984375,7.9921875
73,39062.5234375,59765.625,76875.0,472656.25,0.00223046875,0.01109375,5.33203125,7.9921875
74,39062.5234375,59765.625,76875.0,472656.25,0.00223046875,0.01109375,5.83984375,6.5390625
75,39062.5234375,75390.625,81875.0,205468.75,0.00199609375,0.02578125,5.33203125,6.5390625
76,17813.0546875,59765.625,81875.0,205468.75,0.00199609375,0.02578125,5.33203125,6.5390625
77,17813.0546875,75390.625,76875.0,205468.75,0.00199609375,0.02578125,5.33203125,6.5390625
78,17813.0546875,75390.625,81875.0,472656.25,0.00199609375,0.02578125,5.33203125,6.5390625
79,17813.0546875,75390.625,81875.0,205468.75,0.00223046875,0.02578125,5.33203125,6.5390625
80,17813.0546875,75390.625,81875.0,205468.75,0.00199609375,0.01109375,5.33203125,6.5390625
81,17813.0546875,75390.625,81875.0,205468.75,0.00199609375,0.02578125,5.83984375,6.5390625
82,17813.0546875,75390.625,81875.0,205468.75,0.00199609375,0.02578125,5.33203125,7.9921875
83,17813.0546875,75390.625,81875.0,205468.75,0.00199609375,0.02578125,5.33203125,6.5390625
84,19063.0234375,84765.625,36875.0,922656.25,0.00148046875,0.021093749999999998,7.08984375,6.4921875
85,37812.5546875,84765.625,36875.0,922656.25,0.00148046875,0.021093749999999998,7.08984375,6.4921875
86,19063.0234375,50390.625,36875.0,922656.25,0.00148046875,0.021093749999999998,7.08984375,6.4921875
87,19063.0234375,84765.625,41875.0,922656.25,0.00148046875,0.021093749999999998,7.08984375,6.4921875
88,19063.0234375,84765.625,36875.0,655468.75,0.00148046875,0.021093749999999998,7.08984375,6.4921875
89,19063.0234375,84765.625,36875.0,922656.25,0.00124609375,0.021093749999999998,7.08984375,6.4921875
90,19063.0234375,84765.625,36875.0,922656.25,0.00148046875,0.01578125,7.08984375,6.4921875
91,19063.0234375,84765.625,36875.0,922656.25,0.00148046875,0.021093749999999998,6.58203125,6.4921875
92,19063.0234375,84765.625,36875.0,922656.25,0.00148046875,0.021093749999999998,7.08984375,8.0390625
93,19063.0234375,50390.625,41875.0,655468.75,0.00124609375,0.01578125,6.58203125,8.0390625
94,37812.5546875,84765.625,41875.0,655468.75,0.00124609375,0.01578125,6.58203125,8.0390625
95,37812.5546875,50390.625,36875.0,655468.75,0.00124609375,0.01578125,6.58203125,8.0390625
96,37812.5546875,50390.625,41875.0,922656.25,0.00124609375,0.01578125,6.58203125,8.0390625
97,37812.5546875,50390.625,41875.0,655468.75,0.00148046875,0.01578125,6.58203125,8.0390625
98,37812.5546875,50390.625,41875.0,655468.75,0.00124609375,0.021093749999999998,6.58203125,8.0390625
99,37812.5546875,50390.625,41875.0,655468.75,0.00124609375,0.01578125,7.08984375,8.0390625
100,37812.5546875,50390.625,41875.0,655468.75,0.00124609375,0.01578125,6.58203125,6.4921875
101,37812.5546875,50390.625,41875.0,655468.75,0.00124609375,0.01578125,6.58203125,8.0390625
102,14063.1484375,53515.625,26875.0,810156.25,0.0016679687500000002,0.028593749999999994,6.15234375,7.6171875
103,12813.1796875,53515.625,26875.0,810156.25,0.0016679687500000002,0.028593749999999994,6.15234375,7.6171875
104,14063.1484375,94140.625,26875.0,810156.25,0.0016679687500000002,0.028593749999999994,6.15234375,7.6171875
105,14063.1484375,53515.625,71875.0,810156.25,0.0016679687500000002,0.028593749999999994,6.15234375,7.6171875
106,14063.1484375,53515.625,26875.0,767968.75,0.0016679687500000002,0.028593749999999994,6.15234375,7.6171875
107,14063.1484375,53515.625,26875.0,810156.25,0.00180859375,0.028593749999999994,6.15234375,7.6171875
108,14063.1484375,53515.625,26875.0,810156.25,0.0016679687500000002,0.01328125,6.15234375,7.6171875
109,14063.1484375,53515.625,26875.0,810156.25,0.0016679687500000002,0.028593749999999994,6.26953125,7.6171875
110,14063.1484375,53515.625,26875.0,810156.25,0.0016679687500000002,0.028593749999999994,6.15234375,7.6640625
111,14063.1484375,94140.625,71875.0,767968.75,0.00180859375,0.01328125,6.26953125,7.6640625
112,12813.1796875,53515.625,71875.0,767968.75,0.00180859375,0.01328125,6.26953125,7.6640625
113,12813.1796875,94140.625,26875.0,767968.75,0.00180859375,0.01328125,6.26953125,7.6640625
114,12813.1796875,94140.625,71875.0,810156.25,0.00180859375,0.01328125,6.26953125,7.6640625
115,12813.1796875,94140.625,71875.0,767968.75,0.0016679687500000002,0.01328125,6.26953125,7.6640625
116,12813.1796875,94140.625,71875.0,767968.75,0.00180859375,0.028593749999999994,6.26953125,7.6640625
117,12813.1796875,94140.625,71875.0,767968.75,0.00180859375,0.01328125,6.15234375,7.6640625
118,12813.1796875,94140.625,71875.0,767968.75,0.00180859375,0.01328125,6.26953125,7.6171875
119,12813.1796875,94140.625,71875.0,767968.75,0.00180859375,0.01328125,6.26953125,7.6640625
120,34062.6484375,78515.625,66875.0,360156.25,0.00241796875,0.01859375,7.40234375,6.1171875
121,32812.6796875,78515.625,66875.0,360156.25,0.00241796875,0.01859375,7.40234375,6.1171875
122,34062.6484375,69140.625,66875.0,360156.25,0.00241796875,0.01859375,7.40234375,6.1171875
123,34062.6484375,78515.625,31875.0,360156.25,0.00241796875,0.01859375,7.40234375,6.1171875
124,34062.6484375,78515.625,66875.0,317968.75,0.00241796875,0.01859375,7.40234375,6.1171875
125,34062.6484375,78515.625,66875.0,360156.25,0.00105859375,0.01859375,7.40234375,6.1171875
126,34062.6484375,78515.625,66875.0,360156.25,0.00241796875,0.023281249999999996,7.40234375,6.1171875
127,34062.6484375,78515.625,66875.0,360156.25,0.00241796875,0.01859375,5.01953125,6.1171875
128,34062.6484375,78515.625,66875.0,360156.25,0.00241796875,0.01859375,7.40234375,6.1640625
129,34062.6484375,69140.625,31875.0,317968.75,0.00105859375,0.023281249999999996,5.01953125,6.1640625
130,32812.6796875,78515.625,31875.0,317968.75,0.00105859375,0.023281249999999996,5.01953125,6.1640625
131,32812.6796875,69140.625,66875.0,317968.75,0.00105859375,0.023281249999999996,5.01953125,6.1640625
132,32812.6796875,69140.625,31875.0,360156.25,0.00105859375,0.023281249999999996,5.01953125,6.1640625
133,32812.6796875,69140.625,31875.0,317968.75,0.00241796875,0.023281249999999996,5.01953125,6.1640625
134,32812.6796875,69140.625,31875.0,317968.75,0.00105859375,0.01859375,5.01953125,6.1640625
135,32812.6796875,69140.625,31875.0,317968.75,0.00105859375,0.023281249999999996,7.40234375,6.1640625
136,32812.6796875,69140.625,31875.0,317968.75,0.00105859375,0.023281249999999996,5.01953125,6.1171875
137,32812.6796875,69140.625,31875.0,317968.75,0.00105859375,0.023281249999999996,5.01953125,6.1640625
138,24062.8984375,66015.625,46875.0,585156.25,0.00204296875,0.01359375,5.52734375,6.8671875
139,22812.9296875,66015.625,46875.0,585156.25,0.00204296875,0.01359375,5.52734375,6.8671875
140,24062.8984375,56640.625,46875.0,585156.25,0.00204296875,0.01359375,5.52734375,6.8671875
141,24062.8984375,66015.625,11875.0,585156.25,0.00204296875,0.01359375,5.52734375,6.8671875
142,24062.8984375,66015.625,46875.0,542968.75,0.00204296875,0.01359375,5.52734375,6.8671875
143,24062.8984375,66015.625,46875.0,585156.25,0.0021835937499999998,0.01359375,5.52734375,6.8671875
144,24062.8984375,66015.625,46875.0,585156.25,0.00204296875,0.01828125,5.52734375,6.8671875
145,24062.8984375,66015.625,46875.0,585156.25,0.00204296875,0.01359375,5.64453125,6.8671875
146,24062.8984375,66015.625,46875.0,585156.25,0.00204296875,0.01359375,5.52734375,8.4140625
147,24062.8984375,56640.625,11875.0,542968.75,0.0021835937499999998,0.01828125,5.64453125,8.4140625
148,22812.9296875,66015.625,11875.0,542968.75,0.0021835937499999998,0.01828125,5.64453125,8.4140625
149,22812.9296875,56640.625,46875.0,542968.75,0.0021835937499999998,0.01828125,5.64453125,8.4140625
150,22812.9296875,56640.625,11875.0,585156.25,0.0021835937499999998,0.01828125,5.64453125,8.4140625
151,22812.9296875,56640.625,11875.0,542968.75,0.00204296875,0.01828125,5.64453125,8.4140625
152,22812.9296875,56640.625,11875.0,542968.75,0.0021835937499999998,0.01359375,5.64453125,8.4140625
153,22812.9296875,56640.625,11875.0,542968.75,0.0021835937499999998,0.01828125,5.52734375,8.4140625
154,22812.9296875,56640.625,11875.0,542968.75,0.0021835937499999998,0.01828125,5.64453125,6.8671875
155,22812.9296875,56640.625,11875.0,542968.75,0.0021835937499999998,0.01828125,5.64453125,8.4140625
156,4063.3984375,91015.625,86875.0,135156.25,0.00129296875,0.023593749999999997,6.77734375,8.3671875
157,2813.4296875,91015.625,86875.0,135156.25,0.00129296875,0.023593749999999997,6.77734375,8.3671875
158,4063.3984375,81640.625,86875.0,135156.25,0.00129296875,0.023593749999999997,6.77734375,8.3671875
159,4063.3984375,91015.625,51875.0,135156.25,0.00129296875,0.023593749999999997,6.77734375,8.3671875
160,4063.3984375,91015.625,86875.0,992968.75,0.00129296875,0.023593749999999997,6.77734375,8.3671875
161,4063.3984375,91015.625,86875.0,135156.25,0.00143359375,0.023593749999999997,6.77734375,8.3671875
162,4063.3984375,91015.625,86875.0,135156.25,0.00129296875,0.02828125,6.77734375,8.3671875
163,4063.3984375,91015.625,86875.0,135156.25,0.00129296875,0.023593749999999997,6.89453125,8.3671875
164,4063.3984375,91015.625,86875.0,135156.25,0.00129296875,0.023593749999999997,6.77734375,6.9140625
165,4063.3984375,81640.625,51875.0,992968.75,0.00143359375,0.02828125,6.89453125,6.9140625
166,2813.4296875,91015.625,51875.0,992968.75,0.00143359375,0.02828125,6.89453125,6.9140625
167,2813.4296875,81640.625,86875.0,992968.75,0.00143359375,0.02828125,6.89453125,6.9140625
168,2813.4296875,81640.625,51875.0,135156.25,0.00143359375,0.02828125,6.89453125,6.9140625
169,2813.4296875,81640.625,51875.0,992968.75,0.00129296875,0.02828125,6.89453125,6.9140625
170,2813.4296875,81640.625,51875.0,992968.75,0.00143359375,0.023593749999999997,6.89453125,6.9140625
171,2813.4296875,81640.625,51875.0,992968.75,0.00143359375,0.02828125,6.77734375,6.9140625
172,2813.4296875,81640.625,51875.0,992968.75,0.00143359375,0.02828125,6.89453125,8.3671875
173,2813.4296875,81640.625,51875.0,992968.75,0.00143359375,0.02828125,6.89453125,6.9140625
174,2813.4296875,67578.125,19375.0,950781.25,0.0021835937499999998,0.01796875,7.32421875,6.7734375
175,9063.2734375,67578.125,19375.0,950781.25,0.0021835937499999998,0.01796875,7.32421875,6.7734375
176,2813.4296875,61328.125,19375.0,950781.25,0.0021835937499999998,0.01796875,7.32421875,6.7734375
177,2813.4296875,67578.125,54375.0,950781.25,0.0021835937499999998,0.01796875,7.32421875,6.7734375
178,2813.4296875,67578.125,19375.0,683593.75,0.0021835937499999998,0.01796875,7.32421875,6.7734375
179,2813.4296875,67578.125,19375.0,950781.25,0.00204296875,0.01796875,7.32421875,6.7734375
180,2813.4296875,67578.125,19375.0,950781.25,0.0021835937499999998,0.02640625,7.32421875,6.7734375
181,2813.4296875,67578.125,19375.0,950781.25,0.0021835937499999998,0.01796875,6.03515625,6.7734375
182,2813.4296875,67578.125,19375.0,950781.25,0.0021835937499999998,0.01796875,7.32421875,7.7578125
183,2813.4296875,61328.125,54375.0,683593.75,0.00204296875,0.02640625,6.03515625,7.7578125
184,9063.2734375,67578.125,54375.0,683593.75,0.00204296875,0.02640625,6.03515625,7.7578125
185,9063.2734375,61328.125,19375.0,683593.75,0.00204296875,0.02640625,6.03515625,7.7578125
186,9063.2734375,61328.125,54375.0,950781.25,0.00204296875,0.02640625,6.03515625,7.7578125
187,9063.2734375,61328.125,54375.0,683593.75,0.0021835937499999998,0.02640625,6.03515625,7.7578125
188,9063.2734375,61328.125,54375.0,683593.75,0.00204296875,0.01796875,6.03515625,7.7578125
189,9063.2734375,61328.125,54375.0,683593.75,0.00204296875,0.02640625,7.32421875,7.7578125
190,9063.2734375,61328.125,54375.0,683593.75,0.00204296875,0.02640625,6.03515625,6.7734375
191,9063.2734375,61328.125,54375.0,683593.75,0.00204296875,0.02640625,6.03515625,7.7578125
192,22812.9296875,92578.125,59375.0,500781.25,0.00143359375,0.02796875,6.07421875,8.2734375
193,29062.7734375,92578.125,59375.0,500781.25,0.00143359375,0.02796875,6.07421875,8.2734375
194,22812.9296875,86328.125,59375.0,500781.25,0.00143359375,0.02796875,6.07421875,8.2734375
195,22812.9296875,92578.125,14375.0,500781.25,0.00143359375,0.02796875,6.07421875,8.2734375
196,22812.9296875,92578.125,59375.0,233593.75,0.00143359375,0.02796875,6.07421875,8.2734375
197,22812.9296875,92578.125,59375.0,500781.25,0.00129296875,0.02796875,6.07421875,8.2734375
198,22812.9296875,92578.125,59375.0,500781.25,0.00143359375,0.016406249999999997,6.07421875,8.2734375
199,22812.9296875,92578.125,59375.0,500781.25,0.00143359375,0.02796875,7.28515625,8.2734375
200,22812.9296875,92578.125,59375.0,500781.25,0.00143359375,0.02796875,6.07421875,6.2578125
201,22812.9296875,86328.125,14375.0,233593.75,0.00129296875,0.016406249999999997,7.28515625,6.2578125
202,29062.7734375,92578.125,14375.0,233593.75,0.00129296875,0.016406249999999997,7.28515625,6.2578125
203,29062.7734375,86328.125,59375.0,233593.75,0.00129296875,0.016406249999999997,7.28515625,6.2578125
204,29062.7734375,86328.125,14375.0,500781.25,0.00129296875,0.016406249999999997,7.28515625,6.2578125
205,29062.7734375,86328.125,14375.0,233593.75,0.00143359375,0.016406249999999997,7.28515625,6.2578125
206,29062.7734375,86328.125,14375.0,233593.75,0.00129296875,0.02796875,7.28515625,6.2578125
207,29062.7734375,86328.125,14375.0,233593.75,0.00129296875,0.016406249999999997,6.07421875,6.2578125
208,29062.7734375,86328.125,14375.0,233593.75,0.00129296875,0.016406249999999997,7.28515625,8.2734375
209,29062.7734375,86328.125,14375.0,233593.75,0.00129296875,0.016406249999999997,7.28515625,6.2578125
210,32812.6796875,55078.125,39375.0,725781.25,0.00105859375,0.022968749999999996,6.69921875,7.5234375
211,39062.5234375,55078.125,39375.0,725781.25,0.00105859375,0.022968749999999996,6.69921875,7.5234375
212,32812.6796875,98828.125,39375.0,725781.25,0.00105859375,0.022968749999999996,6.69921875,7.5234375
213,32812.6796875,55078.125,34375.0,725781.25,0.00105859375,0.022968749999999996,6.69921875,7.5234375
214,32812.6796875,55078.125,39375.0,458593.75,0.00105859375,0.022968749999999996,6.69921875,7.5234375
215,32812.6796875,55078.125,39375.0,725781.25,0.00241796875,0.022968749999999996,6.69921875,7.5234375
216,32812.6796875,55078.125,39375.0,725781.25,0.00105859375,0.021406249999999998,6.69921875,7.5234375
217,32812.6796875,55078.125,39375.0,725781.25,0.00105859375,0.022968749999999996,6.66015625,7.5234375
218,32812.6796875,55078.125,39375.0,725781.25,0.00105859375,0.022968749999999996,6.69921875,8.5078125
219,32812.6796875,98828.125,34375.0,458593.75,0.00241796875,0.021406249999999998,6.66015625,8.5078125
220,39062.5234375,55078.125,34375.0,458593.75,0.00241796875,0.021406249999999998,6.66015625,8.5078125
221,39062.5234375,98828.125,39375.0,458593.75,0.00241796875,0.021406249999999998,6.66015625,8.5078125
222,39062.5234375,98828.125,34375.0,725781.25,0.00241796875,0.021406249999999998,6.66015625,8.5078125
223,39062.5234375,98828.125,34375.0,458593.75,0.00105859375,0.021406249999999998,6.66015625,8.5078125
224,39062.5234375,98828.125,34375.0,458593.75,0.00241796875,0.022968749999999996,6.66015625,8.5078125
225,39062.5234375,98828.125,34375.0,458593.75,0.00241796875,0.021406249999999998,6.69921875,8.5078125
226,39062.5234375,98828.125,34375.0,458593.75,0.00241796875,0.021406249999999998,6.66015625,7.5234375
227,39062.5234375,98828.125,34375.0,458593.75,0.00241796875,0.021406249999999998,6.66015625,8.5078125
228,12813.1796875,80078.125,79375.0,275781.25,0.00180859375,0.01296875,5.44921875,6.0234375
229,19063.0234375,80078.125,79375.0,275781.25,0.00180859375,0.01296875,5.44921875,6.0234375
