,savings_lower,savings_upper,price_lower,price_upper,payoff_perc_freehold,inflation,chi_parameter,bank_income_multiplier
0,12813.1796875,73828.125,79375.0,275781.25,0.00180859375,0.01296875,5.44921875,6.0234375
1,12813.1796875,80078.125,74375.0,275781.25,0.00180859375,0.01296875,5.44921875,6.0234375
2,12813.1796875,80078.125,79375.0,908593.75,0.00180859375,0.01296875,5.44921875,6.0234375
3,12813.1796875,80078.125,79375.0,275781.25,0.0016679687500000002,0.01296875,5.44921875,6.0234375
4,12813.1796875,80078.125,79375.0,275781.25,0.00180859375,0.01140625,5.44921875,6.0234375
5,12813.1796875,80078.125,79375.0,275781.25,0.00180859375,0.01296875,5.41015625,6.0234375
6,12813.1796875,80078.125,79375.0,275781.25,0.00180859375,0.01296875,5.44921875,7.0078125
7,12813.1796875,73828.125,74375.0,908593.75,0.0016679687500000002,0.01140625,5.41015625,7.0078125
8,19063.0234375,80078.125,74375.0,908593.75,0.0016679687500000002,0.01140625,5.41015625,7.0078125
9,19063.0234375,73828.125,79375.0,908593.75,0.0016679687500000002,0.01140625,5.41015625,7.0078125
10,19063.0234375,73828.125,74375.0,275781.25,0.0016679687500000002,0.01140625,5.41015625,7.0078125
11,19063.0234375,73828.125,74375.0,908593.75,0.00180859375,0.01140625,5.41015625,7.0078125
12,19063.0234375,73828.125,74375.0,908593.75,0.0016679687500000002,0.01296875,5.41015625,7.0078125
13,19063.0234375,73828.125,74375.0,908593.75,0.0016679687500000002,0.01140625,5.44921875,7.0078125
14,19063.0234375,73828.125,74375.0,908593.75,0.0016679687500000002,0.01140625,5.41015625,6.0234375
15,19063.0234375,73828.125,74375.0,908593.75,0.0016679687500000002,0.01140625,5.41015625,7.0078125
16,17813.0546875,61328.125,69375.0,163281.25,0.00199609375,0.01546875,6.38671875,7.8984375
17,34062.6484375,61328.125,69375.0,163281.25,0.00199609375,0.01546875,6.38671875,7.8984375
18,17813.0546875,80078.125,69375.0,163281.25,0.00199609375,0.01546875,6.38671875,7.8984375
19,17813.0546875,61328.125,44375.0,163281.25,0.00199609375,0.01546875,6.38671875,7.8984375
20,17813.0546875,61328.125,69375.0,796093.75,0.00199609375,0.01546875,6.38671875,7.8984375
21,17813.0546875,61328.125,69375.0,163281.25,0.00223046875,0.01546875,6.38671875,7.8984375
22,17813.0546875,61328.125,69375.0,163281.25,0.00199609375,0.01890625,6.38671875,7.8984375
23,17813.0546875,61328.125,69375.0,163281.25,0.00199609375,0.01546875,5.09765625,7.8984375
24,17813.0546875,61328.125,69375.0,163281.25,0.00199609375,0.01546875,6.38671875,7.3828125
25,17813.0546875,80078.125,44375.0,796093.75,0.00223046875,0.01890625,5.09765625,7.3828125
26,34062.6484375,61328.125,44375.0,796093.75,0.00223046875,0.01890625,5.09765625,7.3828125
27,34062.6484375,80078.125,69375.0,796093.75,0.00223046875,0.01890625,5.09765625,7.3828125
28,34062.6484375,80078.125,44375.0,163281.25,0.00223046875,0.01890625,5.09765625,7.3828125
29,34062.6484375,80078.125,44375.0,796093.75,0.00199609375,0.01890625,5.09765625,7.3828125
30,34062.6484375,80078.125,44375.0,796093.75,0.00223046875,0.01546875,5.09765625,7.3828125
31,34062.6484375,80078.125,44375.0,796093.75,0.00223046875,0.01890625,6.38671875,7.3828125
32,34062.6484375,80078.125,44375.0,796093.75,0.00223046875,0.01890625,5.09765625,7.8984375
33,34062.6484375,80078.125,44375.0,796093.75,0.00223046875,0.01890625,5.09765625,7.3828125
34,37812.5546875,86328.125,29375.0,613281.25,0.00124609375,0.02546875,5.13671875,6.3984375
35,14063.1484375,86328.125,29375.0,613281.25,0.00124609375,0.02546875,5.13671875,6.3984375
36,37812.5546875,55078.125,29375.0,613281.25,0.00124609375,0.02546875,5.13671875,6.3984375
37,37812.5546875,86328.125,84375.0,613281.25,0.00124609375,0.02546875,5.13671875,6.3984375
38,37812.5546875,86328.125,29375.0,346093.75,0.00124609375,0.02546875,5.13671875,6.3984375
39,37812.5546875,86328.125,29375.0,613281.25,0.00148046875,0.02546875,5.13671875,6.3984375
40,37812.5546875,86328.125,29375.0,613281.25,0.00124609375,0.028906249999999994,5.13671875,6.3984375
41,37812.5546875,86328.125,29375.0,613281.25,0.00124609375,0.02546875,6.34765625,6.3984375
42,37812.5546875,86328.125,29375.0,613281.25,0.00124609375,0.02546875,5.13671875,8.8828125
43,37812.5546875,55078.125,84375.0,346093.75,0.00148046875,0.028906249999999994,6.34765625,8.8828125
44,14063.1484375,86328.125,84375.0,346093.75,0.00148046875,0.028906249999999994,6.34765625,8.8828125
45,14063.1484375,55078.125,29375.0,346093.75,0.00148046875,0.028906249999999994,6.34765625,8.8828125
46,14063.1484375,55078.125,84375.0,613281.25,0.00148046875,0.028906249999999994,6.34765625,8.8828125
47,14063.1484375,55078.125,84375.0,346093.75,0.00124609375,0.028906249999999994,6.34765625,8.8828125
48,14063.1484375,55078.125,84375.0,346093.75,0.00148046875,0.02546875,6.34765625,8.8828125
49,14063.1484375,55078.125,84375.0,346093.75,0.00148046875,0.028906249999999994,5.13671875,8.8828125
50,14063.1484375,55078.125,84375.0,346093.75,0.00148046875,0.028906249999999994,6.34765625,6.3984375
51,14063.1484375,55078.125,84375.0,346093.75,0.00148046875,0.028906249999999994,6.34765625,8.8828125
52,27812.8046875,73828.125,89375.0,388281.25,0.0016210937500000001,0.02046875,7.01171875,7.1484375
53,4063.3984375,73828.125,89375.0,388281.25,0.0016210937500000001,0.02046875,7.01171875,7.1484375
54,27812.8046875,67578.125,89375.0,388281.25,0.0016210937500000001,0.02046875,7.01171875,7.1484375
55,27812.8046875,73828.125,64375.0,388281.25,0.0016210937500000001,0.02046875,7.01171875,7.1484375
56,27812.8046875,73828.125,89375.0,121093.75,0.0016210937500000001,0.02046875,7.01171875,7.1484375
57,27812.8046875,73828.125,89375.0,388281.25,0.00185546875,0.02046875,7.01171875,7.1484375
58,27812.8046875,73828.125,89375.0,388281.25,0.0016210937500000001,0.01390625,7.01171875,7.1484375
59,27812.8046875,73828.125,89375.0,388281.25,0.0016210937500000001,0.02046875,6.97265625,7.1484375
60,27812.8046875,73828.125,89375.0,388281.25,0.0016210937500000001,0.02046875,7.01171875,6.6328125
61,27812.8046875,67578.125,64375.0,121093.75,0.00185546875,0.01390625,6.97265625,6.6328125
62,4063.3984375,73828.125,64375.0,121093.75,0.00185546875,0.01390625,6.97265625,6.6328125
63,4063.3984375,67578.125,89375.0,121093.75,0.00185546875,0.01390625,6.97265625,6.6328125
64,4063.3984375,67578.125,64375.0,388281.25,0.00185546875,0.01390625,6.97265625,6.6328125
65,4063.3984375,67578.125,64375.0,121093.75,0.0016210937500000001,0.01390625,6.97265625,6.6328125
66,4063.3984375,67578.125,64375.0,121093.75,0.00185546875,0.02046875,6.97265625,6.6328125
67,4063.3984375,67578.125,64375.0,121093.75,0.00185546875,0.01390625,7.01171875,6.6328125
68,4063.3984375,67578.125,64375.0,121093.75,0.00185546875,0.01390625,6.97265625,7.1484375
69,4063.3984375,67578.125,64375.0,121093.75,0.00185546875,0.01390625,6.97265625,6.6328125
70,7813.3046875,98828.125,49375.0,838281.25,0.00237109375,0.01046875,5.76171875,8.6484375
71,24062.8984375,98828.125,49375.0,838281.25,0.00237109375,0.01046875,5.76171875,8.6484375
72,7813.3046875,92578.125,49375.0,838281.25,0.00237109375,0.01046875,5.76171875,8.6484375
73,7813.3046875,98828.125,24375.0,838281.25,0.00237109375,0.01046875,5.76171875,8.6484375
74,7813.3046875,98828.125,49375.0,571093.75,0.00237109375,0.01046875,5.76171875,8.6484375
75,7813.3046875,98828.125,49375.0,838281.25,0.0011054687500000001,0.01046875,5.76171875,8.6484375
76,7813.3046875,98828.125,49375.0,838281.25,0.00237109375,0.023906249999999997,5.76171875,8.6484375
77,7813.3046875,98828.125,49375.0,838281.25,0.00237109375,0.01046875,5.72265625,8.6484375
78,7813.3046875,98828.125,49375.0,838281.25,0.00237109375,0.01046875,5.76171875,8.1328125
79,7813.3046875,92578.125,24375.0,571093.75,0.0011054687500000001,0.023906249999999997,5.72265625,8.1328125
80,24062.8984375,98828.125,24375.0,571093.75,0.0011054687500000001,0.023906249999999997,5.72265625,8.1328125
81,24062.8984375,92578.125,49375.0,571093.75,0.0011054687500000001,0.023906249999999997,5.72265625,8.1328125
82,24062.8984375,92578.125,24375.0,838281.25,0.0011054687500000001,0.023906249999999997,5.72265625,8.1328125
83,24062.8984375,92578.125,24375.0,571093.75,0.00237109375,0.023906249999999997,5.72265625,8.1328125
84,24062.8984375,92578.125,24375.0,571093.75,0.0011054687500000001,0.01046875,5.72265625,8.1328125
85,24062.8984375,92578.125,24375.0,571093.75,0.0011054687500000001,0.023906249999999997,5.76171875,8.1328125
86,24062.8984375,92578.125,24375.0,571093.75,0.0011054687500000001,0.023906249999999997,5.72265625,8.6484375
87,24062.8984375,92578.125,24375.0,571093.75,0.0011054687500000001,0.023906249999999997,5.72265625,8.1328125
88,5313.3671875,51953.125,84375.0,557031.25,0.00152734375,0.014218749999999999,6.54296875,8.0859375
89,31562.7109375,51953.125,84375.0,557031.25,0.00152734375,0.014218749999999999,6.54296875,8.0859375
90,5313.3671875,70703.125,84375.0,557031.25,0.00152734375,0.014218749999999999,6.54296875,8.0859375
91,5313.3671875,51953.125,29375.0,557031.25,0.00152734375,0.014218749999999999,6.54296875,8.0859375
92,5313.3671875,51953.125,84375.0,739843.75,0.00152734375,0.014218749999999999,6.54296875,8.0859375
93,5313.3671875,51953.125,84375.0,557031.25,0.00138671875,0.014218749999999999,6.54296875,8.0859375
94,5313.3671875,51953.125,84375.0,557031.25,0.00152734375,0.01265625,6.54296875,8.0859375
95,5313.3671875,51953.125,84375.0,557031.25,0.00152734375,0.014218749999999999,6.81640625,8.0859375
96,5313.3671875,51953.125,84375.0,557031.25,0.00152734375,0.014218749999999999,6.54296875,7.1953125
97,5313.3671875,70703.125,29375.0,739843.75,0.00138671875,0.01265625,6.81640625,7.1953125
98,31562.7109375,51953.125,29375.0,739843.75,0.00138671875,0.01265625,6.81640625,7.1953125
99,31562.7109375,70703.125,84375.0,739843.75,0.00138671875,0.01265625,6.81640625,7.1953125
100,31562.7109375,70703.125,29375.0,557031.25,0.00138671875,0.01265625,6.81640625,7.1953125
101,31562.7109375,70703.125,29375.0,739843.75,0.00152734375,0.01265625,6.81640625,7.1953125
102,31562.7109375,70703.125,29375.0,739843.75,0.00138671875,0.014218749999999999,6.81640625,7.1953125
103,31562.7109375,70703.125,29375.0,739843.75,0.00138671875,0.01265625,6.54296875,7.1953125
104,31562.7109375,70703.125,29375.0,739843.75,0.00138671875,0.01265625,6.81640625,8.0859375
105,31562.7109375,70703.125,29375.0,739843.75,0.00138671875,0.01265625,6.81640625,7.1953125
106,25312.8671875,76953.125,44375.0,107031.25,0.00227734375,0.024218749999999997,5.29296875,6.5859375
107,11563.2109375,76953.125,44375.0,107031.25,0.00227734375,0.024218749999999997,5.29296875,6.5859375
108,25312.8671875,95703.125,44375.0,107031.25,0.00227734375,0.024218749999999997,5.29296875,6.5859375
109,25312.8671875,76953.125,69375.0,107031.25,0.00227734375,0.024218749999999997,5.29296875,6.5859375
110,25312.8671875,76953.125,44375.0,289843.75,0.00227734375,0.024218749999999997,5.29296875,6.5859375
111,25312.8671875,76953.125,44375.0,107031.25,0.0021367187499999997,0.024218749999999997,5.29296875,6.5859375
112,25312.8671875,76953.125,44375.0,107031.25,0.00227734375,0.022656249999999996,5.29296875,6.5859375
113,25312.8671875,76953.125,44375.0,107031.25,0.00227734375,0.024218749999999997,5.56640625,6.5859375
114,25312.8671875,76953.125,44375.0,107031.25,0.00227734375,0.024218749999999997,5.29296875,8.6953125
115,25312.8671875,95703.125,69375.0,289843.75,0.0021367187499999997,0.022656249999999996,5.56640625,8.6953125
116,11563.2109375,76953.125,69375.0,289843.75,0.0021367187499999997,0.022656249999999996,5.56640625,8.6953125
117,11563.2109375,95703.125,44375.0,289843.75,0.0021367187499999997,0.022656249999999996,5.56640625,8.6953125
118,11563.2109375,95703.125,69375.0,107031.25,0.0021367187499999997,0.022656249999999996,5.56640625,8.6953125
119,11563.2109375,95703.125,69375.0,289843.75,0.00227734375,0.022656249999999996,5.56640625,8.6953125
120,11563.2109375,95703.125,69375.0,289843.75,0.0021367187499999997,0.024218749999999997,5.56640625,8.6953125
121,11563.2109375,95703.125,69375.0,289843.75,0.0021367187499999997,0.022656249999999996,5.29296875,8.6953125
122,11563.2109375,95703.125,69375.0,289843.75,0.0021367187499999997,0.022656249999999996,5.56640625,6.5859375
123,11563.2109375,95703.125,69375.0,289843.75,0.0021367187499999997,0.022656249999999996,5.56640625,8.6953125
124,35312.6171875,64453.125,64375.0,782031.25,0.00190234375,0.029218749999999995,7.16796875,7.3359375
125,1563.4609375,64453.125,64375.0,782031.25,0.00190234375,0.029218749999999995,7.16796875,7.3359375
126,35312.6171875,83203.125,64375.0,782031.25,0.00190234375,0.029218749999999995,7.16796875,7.3359375
127,35312.6171875,64453.125,89375.0,782031.25,0.00190234375,0.029218749999999995,7.16796875,7.3359375
128,35312.6171875,64453.125,64375.0,514843.75,0.00190234375,0.029218749999999995,7.16796875,7.3359375
129,35312.6171875,64453.125,64375.0,782031.25,0.00101171875,0.029218749999999995,7.16796875,7.3359375
130,35312.6171875,64453.125,64375.0,782031.25,0.00190234375,0.01765625,7.16796875,7.3359375
131,35312.6171875,64453.125,64375.0,782031.25,0.00190234375,0.029218749999999995,6.19140625,7.3359375
132,35312.6171875,64453.125,64375.0,782031.25,0.00190234375,0.029218749999999995,7.16796875,6.4453125
133,35312.6171875,83203.125,89375.0,514843.75,0.00101171875,0.01765625,6.19140625,6.4453125
134,1563.4609375,64453.125,89375.0,514843.75,0.00101171875,0.01765625,6.19140625,6.4453125
135,1563.4609375,83203.125,64375.0,514843.75,0.00101171875,0.01765625,6.19140625,6.4453125
136,1563.4609375,83203.125,89375.0,782031.25,0.00101171875,0.01765625,6.19140625,6.4453125
137,1563.4609375,83203.125,89375.0,514843.75,0.00190234375,0.01765625,6.19140625,6.4453125
138,1563.4609375,83203.125,89375.0,514843.75,0.00101171875,0.029218749999999995,6.19140625,6.4453125
139,1563.4609375,83203.125,89375.0,514843.75,0.00101171875,0.01765625,7.16796875,6.4453125
140,1563.4609375,83203.125,89375.0,514843.75,0.00101171875,0.01765625,6.19140625,7.3359375
141,1563.4609375,83203.125,89375.0,514843.75,0.00101171875,0.01765625,6.19140625,6.4453125
142,15313.1171875,89453.125,24375.0,332031.25,0.00115234375,0.01921875,5.91796875,8.8359375
143,21562.9609375,89453.125,24375.0,332031.25,0.00115234375,0.01921875,5.91796875,8.8359375
144,15313.1171875,58203.125,24375.0,332031.25,0.00115234375,0.01921875,5.91796875,8.8359375
145,15313.1171875,89453.125,49375.0,332031.25,0.00115234375,0.01921875,5.91796875,8.8359375
146,15313.1171875,89453.125,24375.0,964843.75,0.00115234375,0.01921875,5.91796875,8.8359375
147,15313.1171875,89453.125,24375.0,332031.25,0.00176171875,0.01921875,5.91796875,8.8359375
148,15313.1171875,89453.125,24375.0,332031.25,0.00115234375,0.02765625,5.91796875,8.8359375
149,15313.1171875,89453.125,24375.0,332031.25,0.00115234375,0.01921875,7.44140625,8.8359375
150,15313.1171875,89453.125,24375.0,332031.25,0.00115234375,0.01921875,5.91796875,7.9453125
151,15313.1171875,58203.125,49375.0,964843.75,0.00176171875,0.02765625,7.44140625,7.9453125
152,21562.9609375,89453.125,49375.0,964843.75,0.00176171875,0.02765625,7.44140625,7.9453125
153,21562.9609375,58203.125,24375.0,964843.75,0.00176171875,0.02765625,7.44140625,7.9453125
154,21562.9609375,58203.125,49375.0,332031.25,0.00176171875,0.02765625,7.44140625,7.9453125
155,21562.9609375,58203.125,49375.0,964843.75,0.00115234375,0.02765625,7.44140625,7.9453125
156,21562.9609375,58203.125,49375.0,964843.75,0.00176171875,0.01921875,7.44140625,7.9453125
157,21562.9609375,58203.125,49375.0,964843.75,0.00176171875,0.02765625,5.91796875,7.9453125
158,21562.9609375,58203.125,49375.0,964843.75,0.00176171875,0.02765625,7.44140625,8.8359375
159,21562.9609375,58203.125,49375.0,964843.75,0.00176171875,0.02765625,7.44140625,7.9453125
160,10313.2421875,70703.125,34375.0,444531.25,0.00133984375,0.01171875,7.48046875,6.9609375
161,6563.3359375,70703.125,34375.0,444531.25,0.00133984375,0.01171875,7.48046875,6.9609375
162,10313.2421875,89453.125,34375.0,444531.25,0.00133984375,0.01171875,7.48046875,6.9609375
163,10313.2421875,70703.125,79375.0,444531.25,0.00133984375,0.01171875,7.48046875,6.9609375
164,10313.2421875,70703.125,34375.0,852343.75,0.00133984375,0.01171875,7.48046875,6.9609375
165,10313.2421875,70703.125,34375.0,444531.25,0.00119921875,0.01171875,7.48046875,6.9609375
166,10313.2421875,70703.125,34375.0,444531.25,0.00133984375,0.02015625,7.48046875,6.9609375
167,10313.2421875,70703.125,34375.0,444531.25,0.00133984375,0.01171875,7.12890625,6.9609375
168,10313.2421875,70703.125,34375.0,444531.25,0.00133984375,0.01171875,7.48046875,7.5703125
169,10313.2421875,89453.125,79375.0,852343.75,0.00119921875,0.02015625,7.12890625,7.5703125
170,6563.3359375,70703.125,79375.0,852343.75,0.00119921875,0.02015625,7.12890625,7.5703125
171,6563.3359375,89453.125,34375.0,852343.75,0.00119921875,0.02015625,7.12890625,7.5703125
172,6563.3359375,89453.125,79375.0,444531.25,0.00119921875,0.02015625,7.12890625,7.5703125
173,6563.3359375,89453.125,79375.0,852343.75,0.00133984375,0.02015625,7.12890625,7.5703125
174,6563.3359375,89453.125,79375.0,852343.75,0.00119921875,0.01171875,7.12890625,7.5703125
175,6563.3359375,89453.125,79375.0,852343.75,0.00119921875,0.02015625,7.48046875,7.5703125
176,6563.3359375,89453.125,79375.0,852343.75,0.00119921875,0.02015625,7.12890625,6.9609375
177,6563.3359375,89453.125,79375.0,852343.75,0.00119921875,0.02015625,7.12890625,7.5703125
178,30312.7421875,95703.125,74375.0,894531.25,0.00208984375,0.02171875,6.23046875,8.4609375
179,26562.8359375,95703.125,74375.0,894531.25,0.00208984375,0.02171875,6.23046875,8.4609375
180,30312.7421875,64453.125,74375.0,894531.25,0.00208984375,0.02171875,6.23046875,8.4609375
181,30312.7421875,95703.125,39375.0,894531.25,0.00208984375,0.02171875,6.23046875,8.4609375
182,30312.7421875,95703.125,74375.0,402343.75,0.00208984375,0.02171875,6.23046875,8.4609375
183,30312.7421875,95703.125,74375.0,894531.25,0.00194921875,0.02171875,6.23046875,8.4609375
184,30312.7421875,95703.125,74375.0,894531.25,0.00208984375,0.01015625,6.23046875,8.4609375
185,30312.7421875,95703.125,74375.0,894531.25,0.00208984375,0.02171875,5.87890625,8.4609375
186,30312.7421875,95703.125,74375.0,894531.25,0.00208984375,0.02171875,6.23046875,6.0703125
187,30312.7421875,64453.125,39375.0,402343.75,0.00194921875,0.01015625,5.87890625,6.0703125
188,26562.8359375,95703.125,39375.0,402343.75,0.00194921875,0.01015625,5.87890625,6.0703125
189,26562.8359375,64453.125,74375.0,402343.75,0.00194921875,0.01015625,5.87890625,6.0703125
190,26562.8359375,64453.125,39375.0,894531.25,0.00194921875,0.01015625,5.87890625,6.0703125
191,26562.8359375,64453.125,39375.0,402343.75,0.00208984375,0.01015625,5.87890625,6.0703125
192,26562.8359375,64453.125,39375.0,402343.75,0.00194921875,0.02171875,5.87890625,6.0703125
193,26562.8359375,64453.125,39375.0,402343.75,0.00194921875,0.01015625,6.23046875,6.0703125
194,26562.8359375,64453.125,39375.0,402343.75,0.00194921875,0.01015625,5.87890625,8.4609375
195,26562.8359375,64453.125,39375.0,402343.75,0.00194921875,0.01015625,5.87890625,6.0703125
196,20312.9921875,58203.125,14375.0,219531.25,0.00246484375,0.02671875,6.85546875,7.7109375
197,36562.5859375,58203.125,14375.0,219531.25,0.00246484375,0.02671875,6.85546875,7.7109375
198,20312.9921875,51953.125,14375.0,219531.25,0.00246484375,0.02671875,6.85546875,7.7109375
199,20312.9921875,58203.125,19375.0,219531.25,0.00246484375,0.02671875,6.85546875,7.7109375
200,20312.9921875,58203.125,14375.0,177343.75,0.00246484375,0.02671875,6.85546875,7.7109375
201,20312.9921875,58203.125,14375.0,219531.25,0.00157421875,0.02671875,6.85546875,7.7109375
202,20312.9921875,58203.125,14375.0,219531.25,0.00246484375,0.025156249999999998,6.85546875,7.7109375
203,20312.9921875,58203.125,14375.0,219531.25,0.00246484375,0.02671875,5.25390625,7.7109375
204,20312.9921875,58203.125,14375.0,219531.25,0.00246484375,0.02671875,6.85546875,8.3203125
205,20312.9921875,51953.125,19375.0,177343.75,0.00157421875,0.025156249999999998,5.25390625,8.3203125
206,36562.5859375,58203.125,19375.0,177343.75,0.00157421875,0.025156249999999998,5.25390625,8.3203125
207,36562.5859375,51953.125,14375.0,177343.75,0.00157421875,0.025156249999999998,5.25390625,8.3203125
208,36562.5859375,51953.125,19375.0,219531.25,0.00157421875,0.025156249999999998,5.25390625,8.3203125
209,36562.5859375,51953.125,19375.0,177343.75,0.00246484375,0.025156249999999998,5.25390625,8.3203125
210,36562.5859375,51953.125,19375.0,177343.75,0.00157421875,0.02671875,5.25390625,8.3203125
211,36562.5859375,51953.125,19375.0,177343.75,0.00157421875,0.025156249999999998,6.85546875,8.3203125
212,36562.5859375,51953.125,19375.0,177343.75,0.00157421875,0.025156249999999998,5.25390625,7.7109375
213,36562.5859375,51953.125,19375.0,177343.75,0.00157421875,0.025156249999999998,5.25390625,8.3203125
214,313.4921875,83203.125,54375.0,669531.25,0.00171484375,0.016718749999999998,5.60546875,6.2109375
215,16563.0859375,83203.125,54375.0,669531.25,0.00171484375,0.016718749999999998,5.60546875,6.2109375
216,313.4921875,76953.125,54375.0,669531.25,0.00171484375,0.016718749999999998,5.60546875,6.2109375
217,313.4921875,83203.125,59375.0,669531.25,0.00171484375,0.016718749999999998,5.60546875,6.2109375
218,313.4921875,83203.125,54375.0,627343.75,0.00171484375,0.016718749999999998,5.60546875,6.2109375
219,313.4921875,83203.125,54375.0,669531.25,0.00232421875,0.016718749999999998,5.60546875,6.2109375
220,313.4921875,83203.125,54375.0,669531.25,0.00171484375,0.01515625,5.60546875,6.2109375
221,313.4921875,83203.125,54375.0,669531.25,0.00171484375,0.016718749999999998,6.50390625,6.2109375
222,313.4921875,83203.125,54375.0,669531.25,0.00171484375,0.016718749999999998,5.60546875,6.8203125
223,313.4921875,76953.125,59375.0,627343.75,0.00232421875,0.01515625,6.50390625,6.8203125
224,16563.0859375,83203.125,59375.0,627343.75,0.00232421875,0.01515625,6.50390625,6.8203125
225,16563.0859375,76953.125,54375.0,627343.75,0.00232421875,0.01515625,6.50390625,6.8203125
226,16563.0859375,76953.125,59375.0,669531.25,0.00232421875,0.01515625,6.50390625,6.8203125
227,16563.0859375,76953.125,59375.0,627343.75,0.00171484375,0.01515625,6.50390625,6.8203125
228,16563.0859375,76953.125,59375.0,627343.75,0.00232421875,0.016718749999999998,6.50390625,6.8203125
229,16563.0859375,76953.125,59375.0,627343.75,0.00232421875,0.01515625,5.60546875,6.8203125
